date,open,high,low,close,amout,vol,str07
20140219,12.19,14.63,12.19,14.63,6479759.0,451662,65536
20140220,16.09,16.09,16.09,16.09,5847685.0,363436,65536
20140221,17.7,17.7,17.7,17.7,5511160.5,311365,65536
20140224,19.47,19.47,19.47,19.47,20738062.0,1065129,65536
20140225,21.42,21.42,21.42,21.42,36781652.0,1717164,65536
20140303,23.56,23.56,23.56,23.56,8873968.0,376654,65536
20140304,25.92,25.92,25.92,25.92,10005742.0,386024,65536
20140305,28.51,28.51,28.51,28.51,39685836.0,1391997,65536
20140310,28.52,31.36,28.04,31.36,540835008.0,18034092,65536
20140311,31.0,32.4,28.22,28.82,400055328.0,13504316,65536
20140312,27.33,27.84,25.94,26.82,272948512.0,10267026,65536
20140313,26.0,26.48,25.08,25.5,174908736.0,6820204,65536
20140314,25.05,25.46,24.5,25.13,130343360.0,5214546,65536
20140317,24.8,25.46,24.66,25.38,117716112.0,4692350,65536
20140318,25.35,27.5,25.08,26.17,219430640.0,8292984,65536
20140319,25.45,25.48,24.7,25.11,125337376.0,4994929,65536
20140320,24.85,26.79,23.81,25.35,197654800.0,7909628,65536
20140321,24.5,25.28,23.87,24.72,102482200.0,4169652,65536
20140324,24.68,25.15,23.51,23.53,109800352.0,4541060,65536
20140325,23.1,23.55,22.8,22.97,87474272.0,3787965,65536
20140326,22.9,23.16,22.71,22.75,52846004.0,2307636,65536
20140327,22.66,22.95,21.06,21.08,87554328.0,3998210,65536
20140328,21.01,22.88,20.11,21.75,133515008.0,6164990,65536
20140331,21.28,21.43,20.12,20.3,67531280.0,3267774,65536
20140401,20.18,21.19,20.16,20.93,59398216.0,2846051,65536
20140402,20.84,23.02,20.71,23.02,149773536.0,6817110,65536
20140403,22.9,25.32,22.89,25.32,309162496.0,12546019,65536
20140404,24.7,25.8,23.11,24.34,196019280.0,7951473,65536
20140408,24.48,26.77,24.0,26.77,268823168.0,10282336,65536
20140409,27.38,29.39,26.1,27.9,359170592.0,13104253,65536
20140410,27.72,30.0,27.3,28.95,330500928.0,11546524,65536
20140411,28.3,28.79,26.3,26.42,227972464.0,8296274,65536
20140414,26.49,27.42,26.23,26.8,145879888.0,5437102,65536
20140415,26.62,27.36,26.27,27.25,136478208.0,5065186,65536
20140416,27.03,27.4,25.3,25.43,171062512.0,6604951,65536
20140417,25.3,25.96,24.88,25.0,115918096.0,4575629,65536
20140418,24.88,24.99,24.35,24.85,79005024.0,3200930,65536
20140421,24.48,27.34,24.3,27.34,253101856.0,9517429,65536
20140422,26.83,29.98,26.68,28.88,355167808.0,12517408,65536
20140423,28.55,30.5,27.8,29.0,310244736.0,10562898,65536
20140424,28.65,28.9,26.8,26.8,223703440.0,8117226,65536
20140425,26.26,29.48,26.15,29.48,260067008.0,9138071,65536
20140428,29.85,31.3,28.22,28.73,345998432.0,11583321,65536
20140429,27.0,31.6,26.36,31.6,333859616.0,11174667,65536
20140430,32.66,34.76,31.32,33.39,406263456.0,12326762,65536
20140505,33.1,36.45,32.3,33.94,415405280.0,12055962,65536
20140506,33.02,37.33,32.85,37.33,419505312.0,12200126,65536
20140507,36.99,41.0,36.41,38.81,492096960.0,12750652,65536
20140508,38.0,40.46,37.39,37.6,365163360.0,9433654,65536
20140509,36.9,39.23,34.6,36.51,358590272.0,9707471,65536
20140512,36.2,39.61,35.75,38.74,339850176.0,9031668,65536
20140513,38.1,39.88,37.0,37.02,341316896.0,8921112,65536
20140514,36.0,38.0,35.8,36.95,220430000.0,5968835,65536
20140515,36.58,38.85,36.36,37.35,256370112.0,6815693,65536
20140516,36.78,37.18,33.62,33.63,267196640.0,7638943,65536
20140519,33.63,35.19,33.6,34.16,147340128.0,4279441,65536
20140520,34.6,35.99,34.46,34.79,175177008.0,4976604,65536
20140521,34.1,34.8,32.2,34.39,148445360.0,4389882,65536
20140522,34.0,34.97,33.78,34.28,149138720.0,4324911,65536
20140523,34.3,35.28,33.91,34.63,156014160.0,4504348,65536
20140526,34.17,34.64,33.57,34.32,159438288.0,4698451,65536
20140527,34.01,34.3,33.29,33.35,120842128.0,3591113,65536
20140528,33.35,34.18,33.3,34.1,134258912.0,3954875,65536
20140529,34.22,37.51,34.22,37.51,368832224.0,10130717,65536
20140530,37.51,38.39,36.08,37.38,303803520.0,8153442,65536
20140603,37.1,38.18,36.51,36.76,201019520.0,5397512,65536
20140604,36.8,38.49,36.58,37.24,209707264.0,5568898,65536
20140605,36.0,36.8,34.7,35.74,197728720.0,5592437,65536
20140606,35.7,35.9,34.69,35.01,125684120.0,3570470,65536
20140609,35.18,35.19,33.75,33.8,118581176.0,3465472,65536
20140610,33.41,34.89,33.41,34.64,110778064.0,3209194,65536
20140611,34.32,34.5,33.35,33.82,107954248.0,3191641,65536
20140612,33.61,34.89,33.51,34.02,120124648.0,3502897,65536
20140613,33.55,34.46,33.5,34.12,93209912.0,2735061,65536
20140616,34.34,36.79,33.9,36.05,223969808.0,6333204,65536
20140617,35.5,35.75,34.25,34.67,147802608.0,4244279,65536
20140618,34.59,34.96,33.8,33.91,86586320.0,2531982,65536
20140619,33.69,34.23,31.01,31.65,98396656.0,3042734,65536
20140620,31.99,31.99,31.32,31.8,44849312.0,1415559,65536
20140623,31.8,33.7,31.79,33.2,93124600.0,2817258,65536
20140624,33.03,33.76,32.6,32.85,67065104.0,2034438,65536
20140625,32.73,33.96,32.29,33.5,112699648.0,3373130,65536
20140626,33.7,36.7,33.58,35.9,274223648.0,7691592,65536
20140627,35.44,35.97,34.6,35.03,161379248.0,4592536,65536
20140630,35.01,35.5,33.82,34.1,135572464.0,3939815,65536
20140701,33.8,34.4,33.65,34.2,81775104.0,2402474,65536
20140702,34.15,34.15,33.03,33.68,86229056.0,2574332,65536
20140703,33.65,33.9,33.21,33.5,54181480.0,1614363,65536
20140704,33.58,34.33,33.57,33.85,78576160.0,2307641,65536
20140707,33.85,34.25,32.5,32.64,87472528.0,2663856,65536
20140708,32.65,32.89,31.71,32.58,69325456.0,2149226,65536
20140709,32.38,33.1,32.0,32.0,58402992.0,1796254,65536
20140710,32.0,32.4,31.82,31.86,41247632.0,1285606,65536
20140711,32.0,32.38,31.73,32.09,36593860.0,1142868,65536
20140714,32.01,32.81,31.86,32.65,51008024.0,1575127,65536
20140715,32.74,32.75,31.02,31.37,67556928.0,2131534,65536
20140716,31.34,31.64,30.13,30.32,43616352.0,1418627,65536
20140717,30.11,30.31,28.9,29.26,54513048.0,1854533,65536
20140718,29.19,29.43,28.99,29.31,28479076.0,971483,65536
20140721,29.4,29.41,27.3,27.9,51943268.0,1849555,65536
20140722,27.98,28.31,27.85,28.29,33746064.0,1198353,65536
20140723,28.37,28.37,26.73,26.8,62415440.0,2277397,65536
20140724,26.87,27.17,25.7,26.82,57702600.0,2179887,65536
20140725,26.8,27.15,26.51,27.03,34772080.0,1291580,65536
20140728,27.08,29.73,27.08,29.73,142101728.0,4850818,65536
20140729,30.0,31.1,29.5,30.21,142937664.0,4696130,65536
20140730,30.2,30.2,29.21,29.76,77879584.0,2630737,65536
20140731,29.55,30.29,29.45,29.67,58711384.0,1967529,65536
20140801,29.67,29.85,28.66,28.82,58577832.0,2006105,65536
20140804,28.8,28.99,28.35,28.93,61702592.0,2152684,65536
20140805,29.01,29.31,28.57,29.31,50119596.0,1728585,65536
20140806,29.31,29.34,28.92,29.04,30715704.0,1055652,65536
20140807,28.88,29.15,28.15,28.26,51206212.0,1790456,65536
20140808,28.26,28.64,28.02,28.47,29682946.0,1043426,65536
20140811,28.47,29.1,28.35,29.03,42672760.0,1479668,65536
20140812,28.98,29.06,28.7,28.83,32272512.0,1119245,65536
20140813,28.83,30.75,28.83,29.78,90723832.0,3033020,65536
20140814,29.5,29.67,29.06,29.12,46222420.0,1575585,65536
20140815,29.1,29.12,28.51,28.99,31614652.0,1095314,65536
20140818,28.8,29.6,28.8,29.58,41480892.0,1416306,65536
20140819,29.67,30.99,29.55,30.52,105749032.0,3502682,65536
20140820,30.4,30.89,29.87,30.15,88939928.0,2926359,65536
20140821,30.07,30.39,29.84,29.96,48811768.0,1624920,65536
20140822,30.15,30.55,29.9,30.23,58396472.0,1928861,65536
20140825,30.31,30.39,29.61,29.75,42604572.0,1427742,65536
20140826,29.75,29.75,28.1,28.16,50749244.0,1756657,65536
20140827,28.19,28.69,28.18,28.37,19919372.0,700720,65536
20140828,28.37,28.64,27.78,27.83,26328912.0,937344,65536
20140829,27.79,28.18,27.75,28.07,13956988.0,497995,65536
20140901,28.08,28.62,28.08,28.61,17266370.0,606342,65536
20140902,28.77,29.36,28.63,29.26,41320072.0,1420835,65536
20140903,29.47,29.48,29.11,29.41,40113776.0,1368400,65536
20140904,29.34,30.27,29.22,29.91,64722320.0,2167595,65536
20140905,29.87,29.87,29.51,29.63,43127008.0,1453993,65536
20140909,29.7,29.84,29.4,29.68,30514104.0,1031978,65536
20140910,29.69,29.86,29.32,29.86,39844688.0,1343603,65536
20140911,29.95,30.15,29.61,29.85,53124956.0,1775274,65536
20140912,29.85,29.85,29.25,29.5,38285640.0,1300082,65536
20140915,29.36,29.75,29.36,29.6,33972884.0,1149061,65536
20140916,29.7,32.5,29.57,30.9,174408848.0,5625302,65536
20140917,30.51,33.99,30.51,33.99,331469024.0,10141555,65536
20140918,34.5,34.5,32.8,33.05,220570160.0,6611467,65536
20140919,32.58,33.34,32.3,32.86,134888912.0,4129295,65536
20140922,32.55,32.55,31.37,31.5,115494744.0,3639748,65536
20140923,31.66,31.98,31.39,31.63,89267824.0,2819586,65536
20140924,31.49,31.95,30.89,31.91,90848528.0,2890473,65536
20140925,31.77,32.37,30.93,31.17,102214312.0,3211726,65536
20140926,31.0,31.61,30.73,31.31,58239864.0,1866157,65536
20140929,31.33,31.88,31.33,31.88,67173376.0,2125721,65536
20140930,31.88,32.05,31.41,31.45,57286724.0,1812425,65536
20141008,31.45,31.79,31.45,31.69,46840916.0,1480697,65536
20141009,31.76,32.66,31.75,32.53,116307656.0,3599136,65536
20141010,32.25,32.4,31.5,31.57,72801024.0,2278816,65536
20141013,31.48,31.48,30.51,31.11,51479332.0,1665669,65536
20141014,31.0,31.94,30.66,31.9,71063944.0,2247823,65536
20141015,32.2,32.36,31.68,32.2,85537936.0,2667508,65536
20141016,32.2,32.66,31.76,31.88,96422632.0,2989326,65536
20141017,31.6,33.96,31.11,33.38,214713568.0,6503215,65536
20141020,33.0,36.6,32.78,34.89,287633792.0,8174231,65536
20141021,35.89,36.76,35.0,35.44,249431888.0,6976068,65536
20141022,35.1,35.29,33.15,33.24,197556288.0,5764383,65536
20141023,33.2,33.56,31.85,31.91,109779952.0,3375892,65536
20141024,31.72,32.6,31.36,31.58,75223696.0,2355274,65536
20141027,30.98,30.98,30.0,30.11,87516280.0,2880540,65536
20141028,30.18,31.26,30.18,31.26,73425976.0,2386700,65536
20141029,31.2,32.1,31.1,31.6,88148920.0,2786134,65536
20141030,31.6,31.97,31.15,31.25,57092088.0,1816827,65536
20141031,31.25,31.64,31.01,31.47,47212700.0,1506155,65536
20141103,31.71,31.83,31.3,31.73,49060204.0,1553979,65536
20141104,31.73,32.25,31.5,31.95,59826612.0,1873235,65536
20141105,31.7,31.9,30.88,31.48,48314060.0,1543134,65536
20141106,31.51,32.45,31.1,32.3,72692936.0,2283966,65536
20141107,32.31,33.27,31.9,32.23,115119304.0,3521380,65536
20141110,31.85,32.98,31.76,32.88,78650768.0,2412345,65536
20141111,32.89,33.5,31.48,31.88,97013744.0,2983881,65536
20141112,31.6,33.65,30.92,33.65,141135696.0,4299010,65536
20141113,33.0,33.7,32.75,32.91,108832728.0,3284937,65536
20141114,32.7,32.99,30.05,30.38,97442832.0,3111240,65536
20141117,29.9,30.39,27.4,29.68,64037684.0,2191524,65536
20141118,29.45,30.31,29.03,30.31,41143288.0,1375608,65536
20141119,30.32,30.56,30.02,30.11,31996826.0,1058662,65536
20141120,29.86,30.38,29.52,29.93,26337434.0,878901,65536
20141121,29.98,30.35,29.93,30.23,26454418.0,876457,65536
20141124,30.5,30.75,30.2,30.31,43121260.0,1417595,65536
20141125,30.42,30.42,29.85,30.17,48935648.0,1626585,65536
20141126,30.17,30.35,30.02,30.31,34262480.0,1134136,65536
20141127,30.61,32.29,30.61,31.35,88398296.0,2808965,65536
20141128,31.34,31.34,30.41,30.64,63413600.0,2070456,65536
20141201,30.68,30.68,29.58,29.8,47451872.0,1586199,65536
20141202,29.98,30.68,29.8,30.3,36983744.0,1218152,65536
20141203,30.27,30.51,29.73,30.47,40280764.0,1341262,65536
20141204,30.5,30.98,30.27,30.58,50734224.0,1655448,65536
20141205,30.55,30.55,28.9,29.06,52482808.0,1776636,65536
20141208,29.07,29.73,29.0,29.05,29780116.0,1019154,65536
20141209,28.9,28.9,26.98,27.23,62346364.0,2231455,65536
20141210,27.24,28.0,27.0,27.84,30763368.0,1113976,65536
20141211,27.68,28.25,27.41,28.1,30804568.0,1102254,65536
20141212,28.08,28.25,27.91,28.19,21761052.0,775677,65536
20141215,28.02,28.5,28.02,28.5,22707152.0,801874,65536
20141216,28.5,28.55,27.91,27.99,25868976.0,921139,65536
20141217,27.92,28.1,27.33,27.59,25939024.0,938217,65536
20141218,27.59,27.78,27.41,27.47,22171174.0,804128,65536
20141219,27.01,27.45,26.01,26.17,25942850.0,975855,65536
20141222,26.13,26.16,23.6,23.73,28351334.0,1171863,65536
20141223,23.72,24.49,23.13,24.05,17723058.0,740620,65536
20141224,24.29,24.98,24.02,24.76,18703822.0,760527,65536
20141225,25.08,25.2,24.6,24.7,12578632.0,507621,65536
20141226,24.7,24.73,24.07,24.09,18902668.0,778609,65536
20141229,23.9,23.96,22.88,23.18,22894006.0,981988,65536
20141230,23.2,23.47,23.15,23.37,11394060.0,489309,65536
20141231,23.33,23.8,23.3,23.59,12313387.0,522653,65536
20150105,23.76,23.8,23.27,23.7,16916264.0,717968,65536
20150106,23.6,24.99,23.3,24.82,31546304.0,1297149,65536
20150107,24.64,24.69,24.32,24.46,15345579.0,627135,65536
20150108,24.4,24.83,24.23,24.6,15533753.0,632107,65536
20150109,24.6,24.85,24.33,24.33,16460301.0,669749,65536
20150112,24.33,24.48,22.89,23.4,15984584.0,682644,65536
20150113,23.48,24.38,23.15,24.27,17185090.0,724791,65536
20150114,24.2,24.25,23.88,23.95,12743299.0,530488,65536
20150115,23.8,24.25,23.8,24.1,11227820.0,465397,65536
20150116,24.03,24.58,24.03,24.45,16413351.0,672173,65536
20150119,24.23,25.29,23.51,24.12,31817988.0,1292615,65536
20150120,24.16,25.4,24.16,25.38,42161244.0,1683797,65536
20150121,25.3,26.38,25.16,25.91,56197696.0,2173547,65536
20150122,25.75,26.28,25.5,26.12,38854072.0,1499396,65536
20150123,26.19,26.19,25.61,25.7,22736176.0,882673,65536
20150126,25.76,25.95,25.66,25.88,14607412.0,565510,65536
20150127,25.88,26.05,25.3,25.7,19359570.0,751802,65536
20150128,25.71,26.0,25.65,25.89,17381128.0,671740,65536
20150129,25.84,25.84,25.41,25.47,13499293.0,527818,65536
20150130,25.48,25.65,24.89,25.01,16535870.0,656461,65536
20150202,25.0,25.0,24.55,24.88,9513275.0,384235,65536
20150203,24.88,25.27,24.88,25.19,13748225.0,546920,65536
20150204,25.28,25.65,25.0,25.0,14571684.0,575082,65536
20150205,25.25,25.29,24.62,24.75,15123003.0,608444,65536
20150206,24.71,24.97,23.85,24.0,13905459.0,573721,65536
20150209,23.99,24.14,23.74,23.85,9245571.0,385724,65536
20150210,23.95,24.25,23.66,24.25,7992631.0,333065,65536
20150211,24.29,24.4,24.0,24.39,9424557.0,388646,65536
20150212,24.3,24.8,24.25,24.61,9984776.0,408061,65536
20150213,24.59,25.19,24.55,25.0,18370310.0,735627,65536
20150216,24.92,27.5,24.9,27.5,92746864.0,3425450,65536
20150217,28.0,28.48,27.4,27.7,125486024.0,4512771,65536
20150225,26.48,27.11,26.03,26.03,124823496.0,4717520,65536
20150226,25.99,26.24,25.5,25.97,91351768.0,3531818,65536
20150227,25.9,26.4,25.68,26.27,86946840.0,3329668,65536
20150302,26.27,26.58,26.0,26.58,122015272.0,4639526,65536
20150303,26.53,26.55,26.05,26.1,116646256.0,4437512,65536
20150304,26.09,26.56,26.03,26.5,88428608.0,3358762,65536
20150305,26.52,26.78,26.12,26.67,110684736.0,4195203,65536
20150306,26.74,27.89,26.62,27.24,174583280.0,6404926,65536
20150309,27.19,27.63,26.81,27.26,105144896.0,3856794,65536
20150310,26.95,27.1,26.4,26.6,111909392.0,4188470,65536
20150311,26.6,27.95,26.4,27.93,148395184.0,5450061,65536
20150312,27.88,27.89,26.88,27.2,106859616.0,3893471,65536
20150313,27.3,27.49,26.95,27.43,70240216.0,2581454,65536
20150316,27.35,27.8,27.27,27.74,107420640.0,3890941,65536
20150317,27.79,28.57,27.6,28.16,175218896.0,6231499,65536
20150318,28.17,28.8,27.81,28.63,142191152.0,5016909,65536
20150319,28.64,28.69,28.06,28.36,111746376.0,3946309,65536
20150320,28.37,28.95,28.37,28.85,127048432.0,4426433,65536
20150323,29.0,29.87,29.0,29.34,160563472.0,5453284,65536
20150324,29.38,29.38,27.61,28.45,158062288.0,5535777,65536
20150325,28.33,28.98,27.95,28.9,135896608.0,4782398,65536
20150326,28.81,29.45,28.45,28.99,122528248.0,4235933,65536
20150327,28.96,29.25,28.8,29.2,97291400.0,3342826,65536
20150330,29.2,29.65,28.97,29.31,134476224.0,4590493,65536
20150331,29.0,29.22,28.19,28.79,154746672.0,5391215,65536
20150401,28.54,28.98,28.51,28.84,119801344.0,4162380,65536
20150402,28.86,31.09,28.85,30.66,302360512.0,10073337,65536
20150403,30.5,30.89,29.88,30.6,231463920.0,7624534,65536
20150407,30.59,31.33,30.39,31.15,167505536.0,5419920,65536
20150408,31.2,31.44,29.9,30.48,155911968.0,5082728,65536
20150409,30.48,30.49,28.75,29.42,134828240.0,4582219,65536
20150410,29.4,30.24,29.06,29.93,104894968.0,3514154,65536
20150413,30.0,30.94,29.8,30.7,141594704.0,4661955,65536
20150414,30.76,33.33,30.76,31.75,252455664.0,7892306,65536
20150415,31.09,31.99,30.16,31.17,140773376.0,4529895,65536
20150416,30.68,31.97,30.03,31.82,161432848.0,5115129,65536
20150417,31.85,31.99,31.08,31.15,163316112.0,5185582,65536
20150420,31.0,31.0,29.1,29.1,194644272.0,6497128,65536
20150421,28.89,29.98,28.8,29.95,93286488.0,3154263,65536
20150422,29.97,30.64,29.95,30.55,130645920.0,4303927,65536
20150423,30.54,30.54,29.5,29.93,169829968.0,5667067,65536
20150424,29.61,30.53,29.41,30.48,181246688.0,6014418,65536
20150427,30.93,33.53,30.9,33.53,620902912.0,18721052,65536
20150428,34.5,36.88,34.01,36.88,653421376.0,18313623,65536
20150429,37.5,37.99,35.31,37.09,449149824.0,12179395,65536
20150430,36.71,39.68,36.0,38.6,420293216.0,11157453,65536
20150504,37.71,38.55,37.1,38.04,261196096.0,6892012,65536
20150505,38.38,39.5,36.35,37.12,252207232.0,6698514,65536
20150506,36.95,38.25,36.4,36.81,222014848.0,5951610,65536
20150507,36.98,37.15,34.04,34.19,206988816.0,5853712,65536
20150508,34.87,37.12,34.0,37.01,249839424.0,7024436,65536
20150511,37.8,40.71,37.74,40.71,367949440.0,9311796,65536
20150512,43.8,44.78,42.35,44.78,123120736.0,2792831,65536
20150513,49.0,49.0,43.51,44.71,480435904.0,10528715,65536
20150514,43.99,45.75,42.68,44.59,198843936.0,4509091,65536
20150515,44.7,48.93,43.68,46.99,245274272.0,5309255,65536
20150518,49.22,51.69,49.0,51.69,218442368.0,4292722,65536
20150519,54.66,56.34,49.5,54.4,395358688.0,7403322,65536
20150520,54.21,58.8,52.52,55.25,270309344.0,4828212,65536
20150521,54.5,57.15,53.99,55.73,214998672.0,3906403,65536
20150522,56.01,58.8,54.69,54.8,206306416.0,3669617,65536
20150525,52.5,56.83,51.08,54.8,219688576.0,3999698,65536
20150526,55.0,60.28,54.0,58.6,393805408.0,6650111,65536
20150527,61.2,64.46,59.55,64.46,401191840.0,6408498,65536
20150528,65.0,68.15,58.1,59.01,252609168.0,3914761,65536
20150529,59.05,62.95,53.11,59.0,304892032.0,5255694,65536
20150601,61.0,64.9,59.0,64.28,301793952.0,4829243,65536
20150602,65.9,70.71,65.11,70.71,324660128.0,4663571,65536
20150603,71.7,71.99,63.64,64.8,752438336.0,11279620,65536
20150604,66.03,67.45,60.25,65.15,430005568.0,6729053,65536
20150605,65.28,67.15,61.98,63.61,213489232.0,3318599,65536
20150608,63.01,66.5,60.35,61.99,192353472.0,3099539,65536
20150609,62.0,62.95,57.71,60.41,190806704.0,3184593,65536
20150610,59.05,64.88,58.07,63.81,226609408.0,3637149,65536
20150611,63.85,69.98,63.81,67.81,363090496.0,5380154,65536
20150612,68.6,74.59,68.02,72.15,379824640.0,5227128,65536
20150615,73.77,73.89,68.48,69.0,139039744.0,1980321,65536
20150616,67.5,71.19,63.0,68.01,207427488.0,3119035,65536
20150617,67.97,70.6,63.0,69.52,187553072.0,2780289,65536
20150618,69.8,69.8,63.7,64.6,127548808.0,1914051,65536
20150619,62.0,63.33,60.0,61.0,139564432.0,2263695,65536
20150623,60.85,63.0,54.9,62.5,228778688.0,3954425,65536
20150624,61.04,64.0,60.0,63.98,140159456.0,2247847,65536
20150625,64.0,64.0,57.58,57.72,218915760.0,3607924,65536
20150626,52.9,63.21,51.95,51.95,196598160.0,3616092,65536
20150629,49.0,49.2,46.76,46.76,46206544.0,982501,65536
20150630,42.03,49.7,42.03,48.5,336847264.0,7590595,65536
20150701,45.16,47.6,43.65,43.65,349940512.0,7798273,65536
20150702,39.38,41.47,39.29,39.29,72656416.0,1843909,65536
20150703,35.36,35.36,35.36,35.36,49585328.0,1402300,65536
20150706,38.09,38.1,31.82,31.82,146560752.0,4420267,65536
20150707,28.64,28.64,28.64,28.64,2506000.0,87500,65536
20150715,31.5,31.5,28.58,29.2,431359072.0,14302132,65536
20150716,26.28,30.2,26.28,29.66,378025504.0,13331101,65536
20150717,29.47,32.63,29.33,32.63,379761376.0,12160458,65536
20150720,33.57,35.68,30.0,35.0,427695072.0,12782133,65536
20150721,33.74,38.0,32.84,36.0,420789952.0,11843558,65536
20150722,35.65,36.53,34.15,35.44,264567104.0,7481867,65536
20150723,35.54,37.78,35.01,37.5,352577760.0,9616057,65536
20150724,38.25,41.25,38.2,40.97,535968096.0,13151496,65536
20150727,39.0,42.9,37.07,37.12,488756512.0,12033596,65536
20150728,33.9,40.5,33.9,37.0,406001696.0,11206645,65536
20150729,37.99,40.0,33.98,38.58,328312672.0,8930643,65536
20150730,37.4,40.99,37.1,38.58,330515200.0,8344458,65536
20150731,38.79,40.5,36.8,38.22,236990400.0,6089528,65536
20150803,37.0,38.51,34.4,38.3,292674080.0,8083898,65536
20150804,38.2,42.13,37.04,42.13,495631808.0,12252424,65536
20150805,42.0,44.0,40.04,42.19,276935968.0,6623659,65536
20150806,40.1,42.87,40.1,41.45,176889376.0,4285091,65536
20150807,42.01,43.01,41.02,42.78,304429216.0,7249262,65536
20150810,42.84,47.06,42.2,46.7,435925344.0,9902034,65536
20150811,46.0,47.49,44.85,46.11,271020672.0,5808107,65536
20150812,45.01,47.0,45.0,46.8,213489168.0,4638881,65536
20150813,46.66,51.3,45.89,51.1,201072768.0,4138100,65536
20150814,51.11,53.89,50.04,52.11,224733152.0,4325132,65536
20150817,51.5,52.63,48.45,50.3,152247280.0,3032145,65536
20150818,50.0,50.0,45.27,45.27,139289488.0,2970992,65536
20150819,40.74,45.0,40.74,42.97,337058400.0,8090653,65536
20150820,41.8,42.0,38.67,38.67,176067536.0,4392922,65536
20150821,36.49,37.0,34.8,36.88,176927872.0,4971494,65536
20150824,34.04,35.0,33.19,33.19,35019844.0,1045400,65536
20150825,29.87,31.4,29.87,29.87,85037552.0,2831435,65536
20150826,29.4,30.71,26.88,27.5,181771664.0,6470472,65536
20150827,27.71,28.8,25.62,28.4,98843800.0,3562838,65536
20150828,28.1,30.5,27.51,30.3,150472464.0,5246957,65536
20150831,29.5,29.5,27.27,27.27,119316648.0,4270117,65536
20150901,26.01,26.5,24.54,24.54,78546168.0,3163866,65536
20150902,22.09,24.8,22.09,22.09,141915888.0,6279664,65536
20150907,22.09,23.31,21.48,21.86,111361120.0,4954391,65536
20150908,21.11,23.45,21.1,23.3,99273160.0,4508161,65536
20150909,23.4,24.72,23.31,24.71,149583568.0,6181059,65536
20150910,24.0,24.75,23.71,24.0,85706600.0,3524977,65536
20150911,23.63,24.54,23.62,24.23,57726444.0,2392105,65536
20150914,24.45,24.73,21.81,21.81,74256816.0,3245200,65536
20150915,20.5,20.82,19.63,19.63,65385892.0,3272106,65536
20150916,19.51,21.59,19.35,21.59,79913672.0,3922114,65536
20150917,21.56,22.59,20.7,21.04,86901528.0,4010527,65536
20150918,21.34,21.54,20.8,21.12,45410692.0,2151357,65536
20150921,21.0,23.0,20.86,22.71,70682344.0,3206887,65536
20150922,22.99,23.26,22.38,22.88,106443304.0,4652912,65536
20150923,22.26,22.75,21.73,22.1,72024216.0,3243147,65536
20150924,22.25,23.51,22.25,23.34,104590080.0,4550514,65536
20150925,23.2,23.3,21.35,21.6,79114912.0,3550294,65536
20150928,22.02,22.61,21.48,22.45,53965524.0,2447204,65536
20150929,21.82,22.19,21.51,21.8,64858288.0,2974407,65536
20150930,21.81,22.17,21.61,21.99,50440972.0,2299440,65536
20151008,22.88,23.45,22.51,23.16,111469736.0,4846410,65536
20151009,23.15,23.92,23.0,23.73,105615248.0,4494589,65536
20151012,24.35,26.1,24.3,26.1,136394496.0,5378931,65536
20151013,26.48,27.4,26.1,26.22,159893344.0,5999407,65536
20151014,26.46,26.95,25.5,25.63,120071392.0,4607919,65536
20151015,25.52,26.98,25.5,26.97,130465272.0,4951804,65536
20151016,27.1,27.86,26.1,27.04,152087008.0,5622859,65536
20151019,27.52,27.6,26.1,26.89,137837088.0,5133289,65536
20151020,27.0,28.88,26.55,28.79,188638736.0,6835780,65536
20151021,27.51,28.0,25.91,25.91,418770816.0,15568085,65536
20151022,24.5,26.04,24.0,25.91,299936160.0,11986770,65536
20151023,25.5,26.72,25.41,26.42,263928880.0,10123934,65536
20151026,26.89,28.77,25.82,28.45,325196192.0,12078347,65536
20151027,27.7,29.8,25.82,29.3,368590752.0,13064559,65536
20151028,28.8,30.3,26.7,27.34,258638416.0,9033471,65536
20151029,28.0,28.48,26.8,27.5,179891312.0,6512864,65536
20151030,27.11,27.85,26.26,27.09,141284816.0,5212236,65536
20151102,26.49,27.89,26.29,26.83,156678368.0,5792958,65536
20151103,26.87,27.75,26.8,27.58,158083728.0,5787978,65536
20151104,28.44,30.34,28.04,30.34,201858992.0,6845685,65536
20151105,33.3,33.37,31.86,33.37,243577632.0,7311621,65536
20151106,35.0,36.65,33.37,35.7,755428416.0,21374838,65536
20151109,34.4,36.84,33.4,35.1,558031552.0,15858393,65536
20151110,34.06,35.8,34.0,35.25,395877376.0,11338573,65536
20151111,35.35,38.7,34.5,37.52,472559360.0,12903328,65536
20151112,36.87,37.4,35.95,36.22,338280000.0,9255524,65536
20151113,35.02,37.0,34.51,34.56,248752112.0,6977865,65536
20151116,33.62,36.08,33.5,35.53,174779040.0,4948756,65536
20151117,35.48,36.34,33.7,35.4,243117600.0,6892549,65536
20151118,34.99,38.6,34.35,37.5,335024896.0,9219580,65536
20151119,36.9,37.99,36.56,37.64,251600192.0,6743907,65536
20151120,36.7,37.34,35.01,36.39,356861216.0,9827549,65536
20151123,35.7,36.25,35.08,35.14,169103424.0,4766002,65536
20151124,35.0,36.1,35.0,36.05,144008480.0,4027214,65536
20151125,36.5,38.52,35.55,36.97,274908512.0,7432006,65536
20151126,36.7,38.35,36.12,37.31,276545152.0,7445922,65536
20151127,36.81,40.5,34.05,36.11,371099360.0,9808927,65536
20151130,35.2,35.5,32.71,35.34,216477104.0,6289138,65536
20151201,35.2,35.2,33.3,33.88,163139280.0,4762675,65536
20151202,33.7,34.7,32.54,32.84,129241760.0,3863226,65536
20151203,32.91,33.96,32.0,33.85,99419024.0,2987849,65536
20151204,33.89,34.53,33.48,34.04,103426968.0,3038721,65536
20151207,34.04,35.49,34.04,35.05,128383096.0,3683561,65536
20151208,34.76,34.8,33.47,33.72,102596888.0,3019576,65536
20151209,33.71,33.78,32.2,32.5,85162408.0,2589798,65536
20151210,32.08,33.2,32.0,32.44,64492476.0,1979041,65536
20151211,32.32,32.99,32.3,32.79,58802316.0,1801406,65536
20151214,32.6,33.72,32.3,33.5,75070744.0,2258371,65536
20151215,33.66,34.25,33.2,34.06,77101808.0,2273658,65536
20151216,33.91,34.89,33.83,34.51,103845576.0,3023395,65536
20151217,34.61,35.52,34.51,35.31,124747144.0,3545844,65536
20151218,35.69,37.0,35.0,35.5,204886000.0,5723195,65536
20151221,35.0,35.6,34.3,35.11,117322680.0,3362465,65536
20151222,35.13,35.5,34.58,35.45,114590992.0,3268829,65536
20151223,35.44,37.05,35.18,35.8,218157792.0,6053859,65536
20151224,35.77,36.4,34.9,36.0,129166504.0,3621112,65536
20151225,35.9,38.06,35.51,37.46,240001712.0,6432788,65536
20151228,37.02,38.95,36.27,38.8,298121824.0,7868176,65536
20151229,38.3,41.96,37.5,41.33,353982944.0,8973142,65536
20151230,40.87,42.0,40.25,40.71,284801920.0,6937079,65536
20151231,40.49,41.88,39.11,39.48,166629296.0,4099231,65536
20160104,38.6,39.0,35.53,35.53,144579600.0,3899469,65536
20160105,33.01,37.0,33.0,36.31,232011680.0,6556363,65536
20160106,36.31,38.51,36.21,38.34,230878832.0,6153432,65536
20160107,37.49,37.49,34.8,35.37,46450332.0,1277801,65536
20160108,37.0,37.45,33.0,34.19,172237072.0,4859371,65536
20160111,33.3,33.49,30.77,30.77,125396096.0,3910816,65536
20160112,30.0,30.5,27.81,29.07,60338708.0,2048176,65536
20160113,29.22,29.97,26.16,26.16,64542140.0,2282705,65536
20160114,24.66,27.5,23.54,27.02,125559456.0,5015967,65536
20160115,25.99,26.79,24.68,25.0,109523408.0,4241184,65536
20160118,24.0,26.47,23.63,25.83,89745824.0,3503132,65536
20160119,25.95,27.43,25.52,27.0,121004216.0,4553689,65536
20160120,26.56,27.79,26.45,27.5,110034896.0,4036134,65536
20160121,27.45,27.98,25.3,25.3,114090488.0,4224048,65536
20160122,25.5,26.18,24.47,26.04,119209136.0,4686750,65536
20160125,26.03,27.19,26.03,26.71,83946624.0,3151819,65536
20160126,26.58,27.24,24.12,24.34,134501136.0,5147886,65536
20160127,25.4,25.4,23.01,24.97,85945832.0,3532012,65536
20160128,24.62,26.5,24.53,25.75,93549072.0,3672562,65536
20160129,25.12,27.47,24.6,26.85,118302512.0,4571001,65536
20160201,26.39,26.9,25.5,26.2,78645824.0,3006268,65536
20160202,26.22,28.82,26.11,28.0,136945200.0,5012257,65536
20160203,27.26,28.81,27.23,28.5,93700664.0,3336690,65536
20160204,28.23,29.48,28.23,28.65,86139144.0,2998809,65536
20160205,28.6,29.4,28.3,28.55,85424976.0,2951226,65536
20160215,27.2,28.87,27.18,28.47,49354160.0,1764101,65536
20160216,28.21,30.76,28.21,30.05,78256288.0,2633068,65536
20160217,30.0,30.5,29.12,30.11,75531960.0,2527561,65536
20160218,30.12,31.43,29.7,31.01,86532384.0,2843632,65536
20160219,30.99,31.49,30.36,30.63,45137684.0,1468558,65536
20160222,30.65,31.18,30.0,30.57,66505672.0,2175926,65536
20160223,30.8,30.8,28.54,29.0,69017968.0,2338562,65536
20160224,29.0,29.98,28.58,29.7,50820388.0,1744600,65536
20160225,29.59,29.97,26.78,26.83,61553536.0,2208766,65536
20160226,28.98,28.98,26.71,27.04,42832304.0,1573284,65536
20160229,27.0,27.01,24.34,24.61,44050668.0,1758023,65536
20160301,24.61,25.39,23.92,25.17,53075848.0,2138082,65536
20160302,25.18,26.33,24.85,26.17,50814568.0,1979716,65536
20160303,26.2,26.94,25.8,26.29,51288396.0,1936692,65536
20160304,26.29,26.37,24.34,24.58,49968208.0,1982165,65536
20160307,24.6,25.88,24.58,25.4,32387992.0,1284464,65536
20160308,25.26,25.86,23.98,25.71,45060388.0,1816455,65536
20160309,25.03,25.36,24.81,25.15,26493882.0,1054518,65536
20160310,25.14,25.42,24.8,25.19,29385404.0,1167464,65536
20160311,25.15,25.95,24.81,25.91,71430552.0,2803989,65536
20160314,25.83,27.4,25.63,26.95,79505456.0,3001470,65536
20160315,26.55,26.9,26.22,26.79,47048584.0,1770285,65536
20160316,28.11,29.47,27.19,27.82,167802272.0,5845186,65536
20160317,27.24,30.6,26.8,29.65,158633824.0,5590602,65536
20160318,29.09,30.52,28.88,29.99,138808352.0,4648622,65536
20160321,30.3,30.5,29.8,30.37,97700560.0,3234557,65536
20160322,29.8,31.48,29.64,30.89,101493112.0,3306393,65536
20160323,30.34,31.2,30.34,30.89,65385800.0,2124227,65536
20160324,30.85,30.85,29.6,29.82,87860792.0,2929235,65536
20160325,29.69,30.5,29.02,30.43,72396840.0,2415695,65536
20160328,30.45,31.55,29.98,30.49,102364880.0,3329658,65536
20160329,30.5,30.79,28.4,29.39,102480960.0,3506035,65536
20160330,29.45,30.45,29.28,30.2,90347856.0,3037095,65536
20160331,30.16,30.48,29.75,29.84,60291028.0,2003709,65536
20160401,29.7,29.7,28.8,29.06,61516024.0,2109437,65536
20160405,29.08,30.82,29.08,30.49,88401152.0,2926150,65536
20160406,30.5,31.42,30.24,30.74,83761808.0,2721756,65536
20160407,31.0,31.3,30.1,30.53,83260952.0,2702415,65536
20160408,30.15,31.55,30.15,31.55,78223216.0,2536036,65536
20160411,32.21,33.78,31.74,33.44,138440848.0,4198000,65536
20160412,33.01,35.33,32.61,34.49,140110368.0,4110204,65536
20160413,34.53,35.2,34.01,34.62,114204792.0,3311024,65536
20160414,34.85,35.1,34.0,34.88,101410888.0,2935462,65536
20160415,34.52,37.88,34.52,36.49,178769184.0,4921164,65536
20160418,36.25,37.29,35.12,36.8,123275072.0,3373879,65536
20160419,36.97,36.99,35.8,36.79,74787072.0,2046240,65536
20160420,36.13,36.9,33.12,35.79,101632624.0,2897669,65536
20160421,35.47,36.03,34.62,34.91,54681400.0,1546556,65536
20160422,34.7,35.35,33.5,35.32,72997432.0,2108500,65536
20160425,35.2,35.5,34.76,35.2,36099152.0,1027090,65536
20160426,35.4,35.58,34.87,35.43,42698128.0,1212165,65536
20160427,35.45,36.99,34.93,36.14,66364244.0,1826787,65536
20160428,35.5,36.36,34.56,35.21,47540556.0,1342665,65536
20160429,34.71,35.65,34.7,35.3,35706056.0,1013699,65536
20160506,35.5,35.88,32.55,33.5,131219712.0,3836500,65536
20160509,32.01,32.51,30.15,30.15,109310176.0,3582103,65536
20160510,29.0,29.95,28.3,29.13,101605784.0,3496416,65536
20160511,29.68,30.44,28.7,29.5,72934080.0,2462338,65536
20160512,29.0,29.0,27.5,29.0,53274340.0,1891261,65536
20160513,28.79,29.95,28.5,29.9,52806232.0,1805438,65536
20160516,29.99,30.34,28.02,30.34,38267028.0,1281821,65536
20160517,30.28,30.61,29.72,30.38,24039222.0,797794,65536
20160518,29.68,29.68,28.86,29.1,42005328.0,1439420,65536
20160519,28.98,29.83,28.5,29.61,28270444.0,958721,65536
20160520,29.38,32.57,29.0,32.57,136041600.0,4409581,65536
20160523,32.4,33.4,31.9,32.64,142224976.0,4351662,65536
20160524,32.64,32.64,31.88,32.2,55344080.0,1722936,65536
20160525,34.0,34.68,32.68,32.96,163720768.0,4847456,65536
20160526,32.21,33.31,31.81,33.22,80370064.0,2473903,65536
20160527,32.76,33.9,32.4,32.98,65707116.0,1981005,65536
20160530,32.31,32.8,32.31,32.6,39184092.0,1202448,65536
20160531,32.65,33.79,32.24,33.59,76078216.0,2278222,65536
20160601,33.88,34.3,33.5,33.61,87448536.0,2582727,65536
20160602,33.6,34.48,33.05,33.94,60826832.0,1802731,65536
20160603,33.5,34.18,33.0,33.7,79379928.0,2355338,65536
20160606,33.28,33.66,33.07,33.39,42007964.0,1259985,65536
20160607,33.4,34.15,33.36,33.78,47324864.0,1403504,65536
20160608,33.74,33.74,32.6,33.0,71789384.0,2173641,65536
20160613,32.01,32.47,29.89,29.89,53297268.0,1684152,65536
20160614,29.68,30.35,29.21,30.3,46092520.0,1537947,65536
20160615,30.32,31.72,30.0,31.37,31503268.0,1009573,65536
20160616,31.39,32.33,30.56,31.61,42083172.0,1337301,65536
20160617,31.3,33.08,31.2,31.82,59068876.0,1837221,65536
20160620,31.65,35.0,29.01,34.82,188762176.0,5951797,65536
20160621,33.93,36.25,33.1,34.0,351639840.0,10141002,65536
20160622,33.21,35.35,32.68,34.99,203509600.0,6026765,65536
20160623,34.5,35.08,34.06,34.47,127035328.0,3673546,65536
20160624,34.08,34.68,32.0,33.38,120862248.0,3585644,65536
20160627,32.75,33.9,32.65,33.62,72449592.0,2156863,65536
20160628,33.32,34.13,33.32,33.7,85262032.0,2522860,65536
20160629,33.94,33.97,33.25,33.7,73721392.0,2190493,65536
20160630,33.49,34.07,33.37,33.37,66071140.0,1957975,65536
20160701,32.04,32.95,32.04,32.52,93574704.0,2885739,65536
20160704,32.21,32.68,32.07,32.51,87521064.0,2695118,65536
20160705,32.07,33.15,32.0,32.85,70547864.0,2154520,65536
20160706,32.75,34.37,32.32,33.67,159248416.0,4772132,65536
20160707,33.72,34.97,33.46,34.62,181305200.0,5304848,65536
20160708,34.51,35.15,33.8,34.36,164748384.0,4754836,65536
20160711,33.47,34.78,32.35,32.76,183201136.0,5473432,65536
20160712,32.5,32.9,31.76,32.51,100740784.0,3119238,65536
20160713,32.7,32.75,32.11,32.35,60035012.0,1851856,65536
20160714,32.2,32.85,32.1,32.5,57950152.0,1783969,65536
20160715,32.45,33.89,31.8,33.18,118564360.0,3615652,65536
20160718,32.88,32.88,31.8,32.07,74596448.0,2311330,65536
20160719,32.05,32.28,31.53,31.92,52284448.0,1644384,65536
20160720,31.89,32.32,31.82,32.2,39083740.0,1217982,65536
20160721,32.2,32.33,31.95,32.03,43387960.0,1348992,65536
20160722,32.04,32.15,31.48,31.55,42854696.0,1348503,65536
20160725,31.78,31.88,31.33,31.4,23299262.0,737769,65536
20160726,31.45,32.25,31.4,31.9,48793540.0,1528723,65536
20160727,32.1,32.3,29.67,29.9,77105272.0,2513669,65536
20160728,29.8,30.29,28.99,29.65,42221104.0,1430840,65536
20160729,29.71,29.75,28.2,28.36,62701944.0,2192185,65536
20160801,27.87,28.9,27.0,28.73,65067324.0,2344291,65536
20160802,28.62,28.62,28.0,28.44,35064136.0,1234652,65536
20160803,28.63,28.72,28.31,28.38,24622052.0,864247,65536
20160804,28.3,28.88,28.22,28.7,27129974.0,949014,65536
20160805,28.48,28.7,27.5,28.4,49587252.0,1758262,65536
20160808,28.01,29.5,27.02,29.16,72822072.0,2538919,65536
20160809,29.0,29.5,28.8,29.2,76177288.0,2612125,65536
20160810,29.29,29.57,29.07,29.12,42572616.0,1458145,65536
20160811,28.93,29.18,28.16,28.4,35793004.0,1253609,65536
20160812,28.3,28.56,28.21,28.5,20163612.0,710149,65536
20160815,28.75,29.7,28.31,29.27,56895936.0,1950408,65536
20160816,29.26,29.75,29.14,29.35,32586874.0,1106379,65536
20160817,29.49,29.8,28.99,29.38,55794344.0,1907597,65536
20160818,29.26,29.95,28.81,29.94,167665792.0,5623687,65536
20160819,29.98,30.97,29.94,30.61,229024512.0,7545800,65536
20160822,30.05,30.05,28.65,28.99,140396736.0,4815088,65536
20160823,28.82,30.5,28.71,29.12,84201288.0,2862163,65536
20160824,29.0,29.4,28.7,29.13,72629920.0,2510178,65536
20160825,28.98,29.33,28.65,29.27,64627980.0,2224847,65536
20160826,29.35,29.55,29.19,29.19,42689392.0,1457018,65536
20160829,29.1,29.28,28.81,29.21,45346436.0,1562660,65536
20160830,29.13,29.13,28.87,28.9,42871188.0,1479901,65536
20160831,30.0,30.99,29.55,29.57,125244456.0,4154047,65536
20160901,29.21,32.53,29.21,32.53,225917520.0,7102154,65536
20160902,32.95,34.87,32.5,34.2,486668352.0,14516172,65536
20160905,33.65,33.98,32.8,33.27,287731872.0,8633393,65536
20160906,33.0,33.97,32.86,33.04,214390752.0,6442280,65536
20160907,32.65,33.49,32.31,32.35,202045824.0,6160835,65536
20160908,32.45,32.9,32.31,32.83,134766496.0,4128202,65536
20160909,32.81,33.48,32.46,32.86,174241152.0,5291301,65536
20160912,31.99,32.4,31.55,31.55,139756960.0,4374742,65536
20160913,31.78,31.99,31.48,31.89,72892104.0,2299392,65536
20160914,31.68,31.85,31.45,31.53,66942180.0,2118104,65536
20160919,31.53,32.2,31.53,31.98,65888916.0,2065614,65536
20160920,32.02,32.49,31.73,32.46,85510064.0,2663787,65536
20160921,32.3,32.54,32.0,32.12,61333888.0,1902410,65536
20160922,32.5,33.06,32.28,32.65,103159184.0,3158609,65536
20160923,32.41,34.0,32.3,33.48,156885632.0,4737449,65536
20160926,33.37,33.46,31.5,31.5,105606528.0,3245091,65536
20160927,31.49,32.12,31.17,31.97,60118224.0,1908320,65536
20160928,31.97,32.28,31.63,31.98,52020204.0,1624485,65536
20160929,31.25,32.1,31.17,31.17,154503952.0,4907125,65536
20160930,31.18,31.26,29.59,30.06,152373616.0,5006026,65536
20161010,30.15,30.96,29.91,30.96,85750688.0,2810443,65536
20161011,30.99,32.8,30.87,32.45,134029880.0,4179336,65536
20161012,32.4,32.7,31.7,32.52,80287192.0,2482133,65536
20161013,32.49,35.52,32.25,34.31,199059360.0,5913877,65536
20161014,34.25,35.4,33.31,35.19,183388656.0,5367160,65536
20161017,34.98,35.5,33.8,33.85,156266832.0,4508077,65536
20161018,33.71,34.38,33.51,33.86,84379776.0,2490684,65536
20161019,33.86,35.5,33.71,33.9,310438784.0,8991871,65536
20161020,33.3,34.68,33.1,34.56,158714352.0,4649806,65536
20161021,34.75,34.76,33.57,34.02,96008504.0,2825389,65536
20161024,34.07,34.5,33.51,34.02,73902000.0,2173391,65536
20161025,33.81,34.99,33.81,34.24,89871592.0,2630719,65536
20161026,34.39,34.39,33.55,33.9,67807960.0,2004354,65536
20161027,33.9,34.25,33.55,34.24,73153536.0,2155696,65536
20161028,34.2,34.21,33.55,33.62,73194360.0,2162444,65536
20161031,33.3,34.39,33.19,34.03,82421856.0,2436852,65536
20161101,34.1,37.0,33.83,36.58,244449200.0,6870352,65536
20161102,35.9,36.2,35.3,35.74,125947632.0,3529422,65536
20161103,35.7,38.0,35.16,37.7,246629952.0,6698049,65536
20161104,37.26,38.38,37.0,37.87,143527328.0,3819845,65536
20161107,37.8,37.8,36.99,37.29,74740024.0,2011682,65536
20161108,37.11,37.89,36.15,37.28,99385752.0,2666923,65536
20161109,36.96,37.46,36.36,37.33,88332192.0,2387017,65536
20161110,37.66,38.49,37.03,38.0,111962424.0,2968421,65536
20161111,37.8,38.64,37.1,37.1,113996752.0,3019242,65536
20161114,37.1,37.99,36.68,37.57,70349584.0,1879129,65536
20161115,37.56,41.33,37.42,39.0,390963040.0,9718451,65536
20161116,38.2,39.39,37.88,38.13,223845040.0,5845481,65536
20161117,38.08,38.43,37.17,38.18,103643048.0,2738688,65536
20161118,37.95,39.26,37.95,38.61,129236928.0,3346619,65536
20161121,38.53,39.98,38.48,39.86,179189456.0,4554882,65536
20161122,39.88,39.88,39.1,39.24,91886256.0,2332373,65536
20161123,39.45,39.86,38.88,39.36,110542456.0,2805653,65536
20161124,39.39,41.0,39.26,39.98,216630976.0,5355099,65536
20161125,39.5,40.35,37.02,39.99,166375984.0,4240608,65536
20161128,39.48,39.48,36.76,36.83,217245088.0,5769834,65536
20161129,36.56,37.43,36.01,36.66,70311432.0,1914240,65536
20161130,36.4,36.72,34.81,35.1,101121592.0,2832430,65536
20161201,35.12,35.73,35.12,35.49,42966768.0,1212718,65536
20161202,35.58,36.46,35.0,36.3,64331000.0,1800811,65536
20161205,35.75,36.68,35.18,36.01,54247336.0,1497282,65536
20161206,36.13,36.44,35.6,35.78,38415224.0,1067861,65536
20161207,35.81,36.66,35.81,36.49,37697588.0,1037116,65536
20161208,36.58,36.89,36.1,36.3,32473474.0,890394,65536
20161209,36.1,36.42,35.43,35.93,39275384.0,1095974,65536
20161212,36.64,37.42,35.15,35.3,97781096.0,2686347,65536
20161213,34.2,35.1,33.3,34.45,49782140.0,1459265,65536
20161214,34.45,34.66,33.7,33.75,41218476.0,1200911,65536
20161215,33.69,34.71,33.69,34.35,32154120.0,937120,65536
20161216,34.51,36.3,34.51,35.37,57240628.0,1610403,65536
20161219,35.31,35.86,34.81,35.54,33718332.0,952388,65536
20161220,35.55,36.01,35.43,35.82,31055592.0,868923,65536
20161221,35.82,36.49,35.58,36.2,45608288.0,1264003,65536
20161222,36.02,36.6,35.73,35.88,27997856.0,777996,65536
20161223,35.62,36.29,35.52,36.07,35215600.0,983731,65536
20161226,35.9,35.9,34.86,35.68,28762914.0,810001,65536
20161227,35.72,36.47,35.72,36.29,35491764.0,978269,65536
20161228,36.1,36.54,35.75,35.9,31434528.0,870904,65536
20161229,35.92,36.34,35.5,35.9,31463754.0,878365,65536
20161230,36.2,36.2,35.59,35.59,28444906.0,794836,65536
20170103,36.0,37.18,35.87,36.81,69907424.0,1913649,65536
20170104,36.71,37.06,36.3,36.98,41286032.0,1121158,65536
20170105,36.98,37.6,36.68,36.74,32849576.0,888881,65536
20170106,36.9,36.99,36.5,36.76,25973440.0,707662,65536
20170109,36.6,36.66,36.01,36.59,23051716.0,633515,65536
20170110,36.59,36.8,36.37,36.65,23492152.0,642629,65536
20170111,36.75,37.21,35.3,35.38,60797536.0,1670136,65536
20170112,35.31,35.31,33.98,35.14,62997984.0,1817742,65536
20170113,34.8,35.09,34.15,34.4,38895764.0,1123134,65536
20170116,33.99,33.99,30.96,31.87,86179320.0,2694590,65536
20170117,31.81,32.75,30.96,32.4,29253284.0,917943,65536
20170118,32.5,32.72,32.04,32.19,15121805.0,466975,65536
20170119,32.19,32.3,31.26,31.85,12065821.0,377269,65536
20170120,31.85,32.74,31.85,32.27,18041692.0,557066,65536
20170123,32.58,32.99,32.01,32.75,24040450.0,734224,65536
20170124,32.98,33.22,32.55,33.06,28460208.0,865375,65536
20170125,32.8,33.45,32.77,33.04,14130697.0,426879,65536
20170126,32.9,33.3,32.9,33.18,15122978.0,455922,65536
20170203,32.71,33.37,32.71,33.09,9566739.0,288485,65536
20170206,31.26,33.8,31.26,33.48,32199990.0,959748,65536
20170207,33.48,33.74,32.85,33.7,33700316.0,1011517,65536
20170208,33.36,33.75,33.0,33.5,24104976.0,720451,65536
20170209,33.5,34.26,33.5,33.87,29187230.0,859434,65536
20170210,33.88,34.18,33.51,33.74,22769406.0,673890,65536
20170213,33.51,33.81,33.0,33.6,40562160.0,1217623,65536
20170214,33.6,33.6,32.99,33.18,23593754.0,709551,65536
20170215,33.18,33.43,32.21,32.6,27940148.0,844977,65536
20170216,32.36,32.94,32.32,32.77,36008700.0,1103666,65536
20170217,32.58,32.96,32.02,32.08,31786300.0,977658,65536
20170220,31.87,32.5,31.7,32.38,37516964.0,1165398,65536
20170221,32.4,32.93,32.35,32.91,25685686.0,786309,65536
20170222,33.11,33.26,32.74,32.91,19452808.0,590054,65536
20170223,32.65,33.16,32.65,32.92,19319726.0,585947,65536
20170224,33.24,33.98,33.24,33.74,40074372.0,1190065,65536
20170227,33.53,33.89,33.17,33.36,32157060.0,963310,65536
20170228,33.18,33.47,32.91,33.17,21305090.0,642658,65536
20170301,33.25,33.87,33.03,33.45,39086516.0,1164320,65536
20170302,33.42,34.29,33.42,33.75,44421636.0,1308302,65536
20170303,33.52,33.82,33.18,33.33,31362192.0,938745,65536
20170306,33.33,34.1,33.32,33.74,28111028.0,832958,65536
20170307,33.74,34.35,33.74,34.05,25423680.0,747824,65536
20170308,34.07,34.59,33.82,34.04,31117134.0,908647,65536
20170309,34.13,34.48,33.92,34.36,30080330.0,877973,65536
20170310,34.26,34.79,34.01,34.14,29453536.0,856842,65536
20170313,33.9,34.42,33.87,34.14,29189772.0,855665,65536
20170314,34.15,34.67,34.02,34.03,33137228.0,963687,65536
20170315,34.03,34.5,33.9,34.0,22478030.0,657803,65536
20170316,34.08,34.38,33.81,34.0,41170912.0,1209362,65536
20170317,34.0,34.09,33.6,33.6,39473720.0,1163694,65536
20170320,33.6,33.93,33.11,33.58,36152904.0,1081285,65536
20170321,33.5,33.58,33.03,33.03,30888764.0,929601,65536
20170322,33.06,33.06,32.36,32.78,32602824.0,996932,65536
20170323,32.79,33.23,32.15,32.78,36395936.0,1108251,65536
20170324,32.76,32.96,32.41,32.94,23070298.0,705358,65536
20170327,32.76,33.1,32.17,32.25,28852328.0,884328,65536
20170328,32.25,32.99,31.88,32.59,31469966.0,967692,65536
20170329,32.66,32.98,31.6,31.64,27169900.0,845801,65536
20170330,31.62,31.62,29.48,30.29,71877520.0,2370344,65536
20170331,29.91,30.35,29.9,30.14,21143762.0,702265,65536
20170405,30.14,31.08,30.08,30.99,29319712.0,958612,65536
20170406,30.99,32.14,30.99,31.6,34962904.0,1100826,65536
20170407,31.58,31.68,31.13,31.59,24388442.0,777671,65536
20170410,31.42,31.57,30.02,30.3,32123500.0,1053840,65536
20170411,30.28,31.18,30.1,30.99,23174832.0,756485,65536
20170412,31.58,31.58,30.0,30.39,23877000.0,770645,65536
20170413,30.39,32.98,30.18,30.87,20427928.0,657632,65536
20170414,30.86,30.86,30.01,30.2,18662852.0,618507,65536
20170417,30.06,30.37,29.51,29.88,21203620.0,710812,65536
20170418,29.55,30.16,29.49,29.68,21380732.0,716762,65536
20170419,29.78,29.98,27.44,28.6,38809380.0,1360292,65536
20170420,28.38,28.53,26.6,27.62,43333248.0,1588159,65536
20170421,27.48,27.48,26.8,27.35,18944050.0,696566,65536
20170424,27.35,27.47,26.35,26.7,23296688.0,872587,65536
20170425,26.69,26.95,26.5,26.81,9211574.0,344035,65536
20170426,26.78,27.0,26.58,26.97,9554870.0,355257,65536
20170427,26.99,28.5,26.38,28.19,35193096.0,1271256,65536
20170428,28.0,28.92,27.96,28.83,20855644.0,728734,65536
20170502,28.95,29.29,27.9,27.96,31424538.0,1107353,65536
20170503,27.8,28.6,27.8,28.26,12780410.0,452919,65536
20170504,28.26,28.26,27.54,27.85,15681710.0,564905,65536
20170505,27.58,27.83,27.0,27.57,13717509.0,498602,65536
20170508,27.31,27.4,26.5,26.97,15377820.0,571445,65536
20170509,26.31,27.2,26.31,27.19,17549976.0,654502,65536
20170510,27.12,27.45,26.8,27.01,14565882.0,536497,65536
20170511,26.99,26.99,25.64,26.72,24676370.0,938624,65536
20170512,26.7,26.75,25.91,26.72,15078394.0,572014,65536
20170515,26.38,26.8,25.94,26.59,27323750.0,1039439,65536
20170516,26.55,27.09,26.09,26.77,20977366.0,791030,65536
20170517,26.61,27.17,26.61,26.93,23177014.0,861188,65536
20170518,26.87,26.9,26.11,26.64,13141322.0,493313,65536
20170519,26.79,26.79,26.18,26.69,14296927.0,539108,65536
20170522,26.6,28.5,26.1,27.79,33596056.0,1247855,65536
20170523,27.41,27.63,26.2,26.78,17038276.0,635697,65536
20170524,26.64,26.97,26.01,26.89,22285738.0,841464,65536
20170525,26.89,26.97,26.3,26.8,8328702.0,311724,65536
20170526,26.6,26.95,26.55,26.78,14061720.0,526286,65536
20170531,26.7,27.36,26.65,26.7,8324910.0,310135,65536
20170601,26.25,26.89,26.14,26.7,17740026.0,669433,65536
20170602,26.43,26.96,26.26,26.63,10625327.0,399954,65536
20170605,26.58,27.08,26.51,26.86,10832602.0,404383,65536
20170606,26.89,29.55,26.89,28.08,36169288.0,1286479,65536
20170607,27.85,28.5,27.5,28.26,28950106.0,1030596,65536
20170608,28.1,28.26,27.74,27.74,16331969.0,584420,65536
20170609,27.61,28.05,27.43,27.8,10803969.0,389736,65536
20170612,27.8,30.5,27.54,30.0,86694272.0,2944614,65536
20170613,29.9,30.29,29.19,30.23,54320304.0,1825420,65536
20170614,29.99,30.0,29.53,29.53,20534752.0,690570,65536
20170615,29.74,30.27,29.58,30.2,20841552.0,693716,65536
20170616,30.19,30.19,29.5,29.8,9095094.0,305500,65536
20170619,29.97,30.2,29.66,30.13,11877751.0,396854,65536
20170620,29.98,30.48,29.85,30.03,13122077.0,435200,65536
20170621,30.11,30.37,29.95,30.32,12013745.0,398015,65536
20170622,30.3,30.38,29.6,30.29,27775900.0,926478,65536
20170623,29.93,30.23,29.13,29.53,16186924.0,544972,65536
20170626,28.65,31.5,28.51,30.79,40191524.0,1330716,65536
20170627,30.79,31.19,29.81,29.81,23687496.0,777779,65536
20170628,29.52,29.91,29.5,29.5,12193590.0,411433,65536
20170629,29.2,29.83,29.2,29.5,11415306.0,385195,65536
20170630,29.42,30.05,29.42,29.91,8612043.0,288416,65536
20170703,29.98,30.12,29.68,30.0,9640260.0,321895,65536
20170704,30.0,30.39,29.0,29.67,9480595.0,318193,65536
20170705,29.51,30.8,29.51,30.73,22473220.0,739693,65536
20170706,30.96,30.96,30.22,30.82,13083167.0,428196,65536
20170707,30.64,30.9,30.54,30.78,7255377.0,236400,65536
20170710,30.37,30.87,30.27,30.3,7153139.0,234884,65536
20170711,30.3,30.59,30.11,30.11,8491895.0,280734,65536
20170712,30.12,30.13,29.23,29.95,10769559.0,361100,65536
20170713,30.2,30.48,29.73,30.15,7145415.0,237918,65536
20170714,30.15,30.59,30.0,30.51,11692452.0,384614,65536
20170717,30.44,30.6,28.88,29.51,13969469.0,469514,65536
20170718,29.25,31.09,29.25,31.05,18266548.0,601580,65536
20170719,31.04,32.84,30.58,31.88,37316200.0,1176272,65536
20170720,31.85,32.05,31.5,31.59,11611345.0,366215,65536
20170721,31.4,31.88,31.31,31.31,9167714.0,290700,65536
20170724,31.0,32.2,31.0,32.1,10714292.0,337790,65536
20170725,31.79,32.65,31.75,32.15,14115809.0,438700,65536
20170726,32.08,32.44,31.85,31.87,6762826.0,211100,65536
20170727,31.98,32.42,31.72,32.3,12075500.0,376798,65536
20170728,32.35,32.48,32.15,32.25,8495444.0,262800,65536
20170731,32.25,32.44,31.51,31.76,11030006.0,345117,65536
20170801,31.98,31.98,31.0,31.49,10362567.0,331149,65536
20170802,31.9,31.9,30.71,30.71,7017374.0,226000,65536
20170803,30.65,31.16,30.65,30.9,6634890.5,214417,65536
20170804,30.79,31.14,29.75,30.1,10574434.0,350043,65536
20170807,29.88,30.29,29.86,30.18,5564582.0,185100,65536
20170808,30.4,30.4,29.7,30.03,5626581.0,187995,65536
20170809,30.01,30.2,29.78,30.1,3520054.0,117000,65536
20170810,30.08,30.65,29.01,30.65,12073926.0,403740,65536
20170811,30.57,30.57,29.58,30.25,6039455.5,201034,65536
20170814,29.9,30.47,29.9,30.4,4085005.25,135138,65536
20170815,30.49,31.19,30.18,31.05,8098550.0,263277,65536
20170816,31.28,32.27,31.05,31.86,29039766.0,914746,65536
20170817,32.0,32.0,31.64,31.8,6596033.0,207702,65536
20170818,31.66,31.85,31.51,31.6,6305574.5,199080,65536
20170821,31.6,32.35,31.6,31.63,5912935.0,185693,65536
20170822,31.95,31.95,31.13,31.13,3721106.0,118900,65536
20170823,30.55,31.54,30.01,31.15,4868640.5,157280,65536
20170824,30.66,31.65,30.66,31.65,5034664.0,161300,65536
20170825,31.64,31.64,31.04,31.4,4903518.0,156400,65536
20170828,31.5,31.99,31.28,31.76,5828960.0,184210,65536
20170829,31.89,31.98,31.6,31.62,6508963.5,204309,65536
20170830,31.94,32.25,31.48,31.74,5020814.5,157790,65536
20170831,32.06,32.06,31.84,32.03,7823155.0,244593,65536
20170901,32.03,33.0,31.79,33.0,18326518.0,565928,65536
20170904,32.97,33.2,32.67,32.94,6655707.0,202090,65536
20170905,32.92,33.04,32.63,32.89,4063569.0,123800,65536
20170906,32.88,33.88,32.6,33.47,16272850.0,485400,65536
20170907,33.46,33.6,33.0,33.6,11602008.0,348719,65536
20170908,33.62,33.62,33.11,33.25,5369503.5,161375,65536
20170911,33.45,34.19,33.1,33.89,15921152.0,473292,65536
20170912,33.58,34.0,33.15,33.5,8745242.0,259301,65536
20170913,33.6,34.0,33.15,33.2,6219753.5,186730,65536
20170914,33.15,33.4,33.11,33.12,4842688.5,145700,65536
20170915,33.11,33.29,32.66,32.76,4684956.5,142339,65536
20170918,33.0,34.79,32.6,34.13,13531308.0,399862,65536
20170919,34.2,35.0,33.56,33.71,17127268.0,501762,65536
20170920,33.62,33.85,33.23,33.51,8439220.0,251535,65536
20170921,33.24,33.52,33.01,33.15,6974747.0,209562,65536
20170922,33.1,33.41,32.78,32.81,5482571.0,166200,65536
20170925,33.18,33.35,32.76,32.89,6292052.0,190400,65536
20170926,32.8,33.03,32.36,32.43,5188162.0,159091,65536
20170927,32.4,32.99,32.4,32.9,4879010.0,148900,65536
20170928,32.9,33.0,32.68,32.77,4215032.5,128400,65536
20170929,33.0,33.46,32.78,33.4,6519667.5,195642,65536
20171009,33.83,33.84,33.27,33.5,5661933.0,168600,65536
20171010,33.77,33.87,33.3,33.62,5498567.0,164341,65536
20171011,34.0,34.0,33.0,33.12,6104029.0,182100,65536
20171012,33.44,33.44,33.0,33.18,7829636.5,236292,65536
20171013,33.17,33.23,32.9,33.0,6919016.0,209324,65536
20171016,33.12,33.13,31.95,32.73,10426835.0,319031,65536
20171017,32.15,33.4,32.15,33.2,7513523.5,227039,65536
20171018,33.1,33.62,32.58,32.9,4466432.0,134939,65536
20171019,32.9,32.95,32.13,32.53,19378860.0,596901,65536
20171020,32.36,33.36,32.17,33.36,10143272.0,308355,65536
20171023,33.35,33.35,32.55,32.83,5888901.0,179300,65536
20171024,32.87,32.87,32.28,32.68,6523988.0,200901,65536
20171025,32.55,32.76,32.31,32.55,4554676.5,139903,65536
20171026,32.79,32.79,32.32,32.7,5059226.0,155000,65536
20171027,30.87,32.98,30.87,32.7,5652271.0,173200,65536
20171030,32.86,35.97,32.86,32.97,17275450.0,517502,65536
20171031,33.7,34.9,33.3,33.98,32766446.0,962665,65536
20171101,33.82,33.89,33.14,33.3,16761789.0,501369,65536
20171102,33.3,33.69,32.34,32.74,19647558.0,595329,65536
20171103,32.67,32.84,31.72,32.36,17932486.0,558117,65536
20171106,32.0,32.27,31.67,32.21,9224229.0,289000,65536
20171107,32.2,32.28,31.81,31.98,6626237.5,206541,65536
20171108,32.25,32.25,31.78,32.03,7800700.5,244038,65536
20171109,31.85,32.08,31.78,31.89,8958312.0,281200,65536
20171110,32.1,32.1,31.69,31.7,9318136.0,293086,65536
20171113,31.69,32.13,31.6,31.78,12566135.0,394900,65536
20171114,31.84,31.84,31.4,31.7,6874651.0,217652,65536
20171115,31.5,31.78,31.28,31.7,5878692.0,186815,65536
20171116,31.44,31.8,31.17,31.54,5926639.0,188100,65536
20171117,31.53,32.0,31.1,31.86,12217093.0,385900,65536
20171120,31.87,32.06,30.16,31.61,11277777.0,361500,65536
20171121,31.29,31.7,29.23,29.6,14714427.0,484292,65536
20171122,29.51,31.0,28.4,30.77,17170492.0,583665,65536
20171123,30.69,30.98,29.55,30.77,15005257.0,493592,65536
20171124,30.21,30.73,29.65,30.4,14150673.0,472410,65536
20171127,29.92,30.28,29.5,29.88,6240434.0,210000,65536
20171128,29.5,30.16,29.5,29.88,5804278.0,195139,65536
20171129,29.71,29.88,29.41,29.69,3609308.75,122100,65536
20171130,29.7,29.7,29.03,29.6,3759091.5,128200,65536
20171201,29.6,29.75,29.1,29.7,4932063.0,167100,65536
20171204,29.72,29.72,29.15,29.45,5845009.0,199100,65536
20171205,29.3,29.55,28.81,29.36,4873866.0,167101,65536
20171206,29.13,29.9,28.9,29.53,4667022.0,158601,65536
20171207,29.32,30.18,29.32,29.84,15835124.0,531039,65536
20171208,29.61,29.77,29.05,29.49,11608377.0,396110,65536
20171211,29.18,31.39,28.62,31.0,77994648.0,2642651,65536
20171212,30.35,30.35,29.4,29.76,20958378.0,704001,65536
20171213,29.1,29.6,28.75,29.5,14841679.0,510843,65536
20171214,29.19,30.1,28.69,29.62,13252883.0,452300,65536
20171215,29.36,29.65,28.74,29.64,13894170.0,475800,65536
20171218,29.37,29.45,29.0,29.2,4727562.0,161800,65536
20171219,29.32,29.6,29.0,29.1,5384218.0,183900,65536
20171220,29.07,29.44,28.78,29.22,26952136.0,928900,65536
20171221,29.01,29.44,28.5,29.07,16680987.0,575400,65536
20171222,28.72,29.0,28.72,28.9,7302877.5,253000,65536
20171225,29.25,29.25,27.88,28.81,22058802.0,779315,65536
20171226,28.2,28.82,27.54,28.68,16664086.0,591792,65536
20171227,28.18,28.62,27.8,28.4,5796807.0,204600,65536
20171228,28.3,28.4,27.87,27.87,5387748.0,192400,65536
20171229,27.86,29.35,27.34,28.98,15946506.0,560600,65536
20180102,27.72,28.91,27.72,28.25,20731152.0,734700,65536
20180103,28.0,28.35,28.0,28.12,15055801.0,533800,65536
20180104,28.03,28.19,27.8,28.09,9502444.0,338900,65536
20180105,28.1,28.35,27.0,27.7,13511293.0,486700,65536
20180108,27.59,28.0,27.37,27.7,6162909.0,222600,65536
20180109,27.48,27.83,27.48,27.76,5210644.0,187800,65536
20180110,27.6,27.97,27.6,27.61,11769772.0,423900,65536
20180111,27.75,27.98,27.61,27.9,7920709.0,284622,65536
20180112,27.88,29.01,27.7,28.47,36678112.0,1309400,65536
20180115,28.47,30.63,27.85,28.75,86834920.0,2993706,65536
20180116,28.35,28.35,27.05,27.41,40678104.0,1485204,65536
20180117,27.28,27.5,27.02,27.4,19525462.0,718800,65536
20180118,27.33,27.39,27.02,27.28,13052064.0,481133,65536
20180119,27.03,27.29,27.01,27.15,8929725.0,329510,65536
20180122,27.1,27.39,27.02,27.15,8501725.0,313022,65536
20180123,27.15,27.98,27.08,27.22,7845589.5,286658,65536
20180124,27.06,27.43,27.06,27.11,9546877.0,352048,65536
20180125,27.12,27.31,27.12,27.17,6931377.5,254887,65536
20180126,27.12,27.2,27.01,27.13,7601378.0,280500,65536
20180129,27.06,27.2,27.03,27.16,6772357.0,249900,65536
20180130,27.16,27.33,27.04,27.16,4461526.0,164400,65536
20180131,27.16,27.2,26.96,27.0,15713906.0,581600,65536
20180201,27.0,27.07,25.66,26.42,23842976.0,897679,65536
20180202,26.02,26.82,23.78,23.78,17609094.0,717000,65536
20180205,21.4,22.43,21.4,21.4,136142864.0,6359400,65536
20180206,21.41,21.41,20.3,20.3,52375708.0,2511488,65536
20180207,20.0,20.84,19.52,19.58,20506170.0,1026915,65536
20180208,19.6,19.6,19.1,19.3,17170136.0,886800,65536
20180209,19.0,19.0,17.37,17.57,44372576.0,2525401,65536
20180212,17.31,17.98,17.3,17.85,24096178.0,1363300,65536
20180213,18.08,18.08,17.7,17.9,18248040.0,1022008,65536
20180214,17.8,18.0,17.58,17.92,13241090.0,741901,65536
20180222,18.03,19.38,18.03,18.87,18432600.0,985071,65536
20180223,19.05,19.87,19.0,19.3,19701868.0,1019470,65536
20180226,19.49,19.58,18.85,19.39,20179440.0,1054200,65536
20180227,19.39,19.39,19.07,19.27,14746588.0,768702,65536
20180228,19.27,19.68,18.82,19.02,11979452.0,630201,65536
20180301,19.03,19.32,19.0,19.23,16120827.0,840301,65536
20180302,19.23,19.44,19.05,19.17,16366377.0,851300,65536
20180305,19.12,19.26,18.7,19.0,18001562.0,951401,65536
20180306,19.73,19.75,19.12,19.17,22458232.0,1163800,65536
20180307,19.23,19.33,18.84,18.92,22671396.0,1192600,65536
20180308,18.95,19.27,18.61,19.26,25682222.0,1350211,65536
20180309,19.32,19.56,19.11,19.52,29187684.0,1504900,65536
20180312,19.7,20.28,19.58,20.21,29490160.0,1480689,65536
20180313,20.1,20.36,19.92,20.19,26729774.0,1324788,65536
20180314,20.08,20.67,20.01,20.05,26695598.0,1318290,65536
20180315,20.02,20.2,19.11,19.46,22708998.0,1157688,65536
20180316,19.3,19.74,19.2,19.54,14904542.0,761889,65536
20180319,19.54,19.68,19.33,19.55,12534934.0,642000,65536
20180320,20.5,21.51,20.5,21.51,92334432.0,4355432,65536
20180321,22.0,23.66,22.0,23.66,94688152.0,4097296,65536
20180322,25.0,25.6,22.82,23.18,155977216.0,6580685,65536
20180323,21.69,21.9,20.86,20.86,89871216.0,4247324,65536
20180326,20.01,21.12,19.57,20.9,57368692.0,2815791,65536
20180327,21.15,21.67,21.0,21.35,54394692.0,2554200,65536
20180328,20.61,22.8,20.61,22.05,63368336.0,2931100,65536
20180329,21.76,22.29,21.43,21.65,38318676.0,1761887,65536
20180330,21.8,21.98,21.29,21.66,30138008.0,1397700,65536
20180402,21.63,21.77,21.02,21.53,31605504.0,1473524,65536
20180403,21.0,21.4,20.82,21.38,22829646.0,1076198,65536
20180404,21.23,21.55,20.8,20.81,19963870.0,944917,65536
20180409,20.31,20.78,20.05,20.45,22491192.0,1100690,65536
20180410,20.79,20.82,19.71,20.12,21725986.0,1075590,65536
20180411,20.19,20.95,20.0,20.94,31699212.0,1543990,65536
20180412,20.81,20.9,20.21,20.21,23040172.0,1121300,65536
20180413,20.25,20.46,19.85,19.9,20894854.0,1042999,65536
20180416,19.91,19.91,19.25,19.3,18561436.0,954071,65536
20180417,19.29,19.49,18.2,18.54,20776610.0,1097109,65536
20180418,18.71,18.88,18.16,18.85,16420053.0,886624,65536
20180419,18.91,19.79,18.65,19.51,30429240.0,1575514,65536
20180420,19.5,19.68,18.73,19.4,23718302.0,1237124,65536
20180423,18.32,19.88,18.32,19.07,30012390.0,1560600,65536
20180424,18.91,19.39,18.68,19.28,23085816.0,1211300,65536
20180425,19.0,19.36,19.0,19.28,15052457.0,783900,65536
20180426,19.28,19.28,18.38,18.5,13914391.0,739800,65536
20180427,18.56,18.93,18.56,18.69,11229112.0,598900,65536
20180502,19.06,19.06,18.48,18.59,11140990.0,595900,65536
20180503,18.5,18.69,17.9,18.51,13609060.0,742901,65536
20180504,18.51,18.6,18.38,18.39,10971186.0,594400,65536
20180507,18.39,18.91,18.35,18.81,13393618.0,716677,65536
20180508,18.91,19.22,18.66,19.16,15144397.0,796100,65536
20180509,19.14,19.45,19.08,19.44,15832471.0,822498,65536
20180510,19.49,19.98,19.44,19.73,27594572.0,1399451,65536
20180511,19.51,19.7,19.22,19.31,18402234.0,948400,65536
20180514,19.26,19.31,18.81,18.89,11771788.0,618200,65536
20180515,19.6,19.6,18.95,19.21,22204110.0,1153051,65536
20180516,19.13,19.27,18.92,18.92,19124486.0,1005751,65536
20180517,18.98,19.02,18.62,18.7,15062409.0,802013,65536
20180518,18.7,18.78,18.01,18.42,32662278.0,1773100,65536
20180521,18.48,18.83,18.48,18.75,37050440.0,1986869,65536
20180522,18.93,19.0,18.55,18.79,33196356.0,1775401,65536
20180523,18.79,19.49,18.77,18.86,60114552.0,3143058,65536
20180524,18.53,20.7,18.4,19.4,113423728.0,5845910,65536
20180525,19.29,19.97,19.06,19.92,105294048.0,5387260,65536
20180528,19.95,20.09,18.62,18.95,69573456.0,3564499,65536
20180529,18.93,18.93,18.2,18.21,42752660.0,2310950,65536
20180530,17.94,17.94,16.7,16.9,45097500.0,2614873,65536
20180531,17.01,17.29,17.01,17.2,20109682.0,1172611,65536
20180601,17.2,17.26,16.75,16.96,20150686.0,1183500,65536
20180604,17.05,17.15,16.92,16.96,12175849.0,714949,65536
20180605,17.05,17.49,16.96,17.36,17893782.0,1038617,65536
20180606,17.45,17.47,17.24,17.39,15305874.0,881589,65536
20180607,17.48,17.58,17.1,17.12,15301300.0,882252,65536
20180608,17.12,17.12,16.41,16.64,17980004.0,1079711,65536
20180611,16.68,16.86,16.5,16.75,11706445.0,699117,65536
20180612,16.84,17.13,16.64,17.13,15826754.0,937433,65536
20180613,17.1,17.2,16.85,16.85,14268663.0,839800,65536
20180614,16.73,17.23,16.73,16.81,9368875.0,551811,65536
20180615,16.8,16.9,16.0,16.22,16683876.0,1015829,65536
20180619,16.02,16.02,14.6,14.62,17433762.0,1152900,65536
20180620,14.62,14.93,14.23,14.71,11660542.0,795500,65536
20180621,14.7,14.76,14.03,14.13,11905109.0,825100,65536
20180622,14.13,14.53,13.85,14.48,9597773.0,671800,65536
20180625,14.83,14.83,14.45,14.45,9473025.0,645500,65536
20180626,14.3,14.88,14.07,14.77,7980931.0,548700,65536
20180627,14.84,15.15,14.65,14.71,10556021.0,710500,65536
20180628,14.65,15.65,14.46,14.98,26290150.0,1746800,65536
20180629,14.85,15.09,14.1,14.99,25123082.0,1709100,65536
20180702,14.99,15.06,14.42,14.51,12608695.0,851889,65536
20180703,14.06,14.99,14.06,14.9,10387425.0,704572,65536
20180704,14.77,15.1,14.46,14.55,9353130.0,633560,65536
20180705,14.48,14.59,13.99,14.0,10050710.0,706571,65536
20180706,14.1,14.37,14.0,14.29,8980129.0,631600,65536
20180709,14.38,14.5,14.19,14.48,10088413.0,701916,65536
20180710,14.39,14.59,14.26,14.57,11190115.0,775788,65536
20180711,14.42,14.43,13.63,13.87,11835852.0,843500,65536
20180712,13.87,14.51,13.72,14.47,12320777.0,860197,65536
20180713,14.47,14.85,14.4,14.69,12588687.0,861109,65536
20180716,14.6,14.77,14.49,14.71,7630093.5,522009,65536
20180717,14.7,14.84,14.5,14.74,7232470.5,491701,65536
20180718,14.88,14.92,14.64,14.64,7050404.0,477300,65536
20180719,14.78,15.91,14.2,15.91,38061268.0,2518434,65536
20180720,16.65,16.65,15.35,15.43,41617796.0,2625434,65536
20180723,15.18,15.42,14.87,15.13,23301414.0,1548510,65536
20180724,15.04,15.47,15.01,15.32,18760986.0,1229169,65536
20180725,15.25,15.43,15.15,15.17,14480303.0,950410,65536
20180726,15.11,15.18,15.03,15.11,8568065.0,566529,65536
20180727,15.14,15.8,15.1,15.24,14614775.0,948601,65536
20180730,15.16,15.24,14.69,14.75,10508446.0,704298,65536
20180731,14.75,14.78,14.3,14.75,6609673.0,449630,65536
20180801,14.8,14.84,14.5,14.56,6690104.0,455900,65536
20180802,14.59,14.59,13.7,13.96,10062628.0,718290,65536
20180803,13.96,14.06,13.71,13.72,5068329.0,364600,65536
20180806,13.73,13.83,13.14,13.32,6573507.0,486500,65536
20180807,13.5,13.8,13.38,13.8,6773827.0,497610,65536
20180808,13.81,13.85,13.5,13.65,6045038.0,442100,65536
20180809,13.6,14.0,13.59,13.88,5702783.0,411110,65536
20180810,13.88,14.15,13.71,13.85,6591609.0,474500,65536
20180813,13.93,14.15,13.65,14.1,7891923.0,567440,65536
20180814,14.04,14.07,13.87,14.0,6235389.0,446400,65536
20180815,14.03,14.03,13.68,13.79,5926324.0,428801,65536
20180816,13.73,13.79,13.23,13.27,16554747.0,1229269,65536
20180817,13.41,13.56,12.88,12.9,15872309.0,1205800,65536
20180820,12.85,13.05,12.6,12.91,6270628.5,489180,65536
20180821,12.94,13.09,12.83,12.99,5710269.0,439200,65536
20180822,12.99,13.0,12.7,12.72,4728415.0,367400,65536
20180823,12.75,13.02,12.72,12.93,5838364.0,452600,65536
20180824,12.99,13.09,12.82,12.94,7345321.0,567900,65536
20180827,12.99,13.54,12.86,13.4,24446242.0,1848569,65536
20180828,13.28,14.74,13.23,14.19,58559128.0,4143941,65536
20180829,13.77,15.19,13.51,14.5,54261252.0,3844896,65536
20180830,14.21,14.34,13.9,13.99,23026716.0,1626997,65536
20180831,13.97,14.7,13.55,14.36,37410336.0,2624880,65536
20180903,14.1,14.65,14.0,14.35,22326808.0,1560849,65536
20180904,14.15,14.6,13.92,13.99,32367372.0,2282600,65536
20180905,13.91,14.13,13.4,13.41,19757992.0,1434025,65536
20180906,13.4,13.9,13.25,13.7,18072188.0,1323497,65536
20180907,13.7,13.85,13.22,13.38,18278850.0,1349197,65536
20180910,13.45,13.53,13.18,13.31,10304629.0,772180,65536
20180911,13.3,13.6,13.04,13.33,8965755.0,668100,65536
20180912,13.36,13.58,13.23,13.38,10863694.0,811900,65536
20180913,13.45,13.91,13.39,13.76,13772931.0,1007811,65536
20180914,13.76,13.88,13.6,13.66,9645620.0,702380,65536
20180917,13.5,13.7,13.18,13.19,8087618.0,606200,65536
20180918,13.13,13.56,13.01,13.5,6539576.0,491600,65536
20180919,13.5,13.75,13.34,13.6,8593401.0,632500,65536
20180920,13.56,14.03,13.56,13.88,14443651.0,1043800,65536
20180921,13.88,14.03,13.73,13.93,10832344.0,781000,65536
20180925,13.66,13.82,13.6,13.71,7415948.5,540801,65536
20180926,13.71,14.5,13.7,14.16,26105500.0,1855197,65536
20180927,14.06,14.16,13.83,13.87,20025100.0,1435497,65536
20180928,13.87,14.17,13.8,14.04,9122974.0,651000,65536
20181008,13.98,13.98,13.31,13.49,7732549.0,565797,65536
20181009,13.48,13.71,13.48,13.54,4685822.5,344697,65536
20181010,13.53,14.49,13.53,14.2,18012240.0,1276991,65536
20181011,13.8,14.06,12.79,12.8,19746694.0,1470600,65536
20181012,12.67,13.44,11.58,13.25,19672392.0,1525200,65536
20181015,13.25,13.44,12.81,13.06,10605306.0,805900,65536
20181016,12.81,13.26,12.54,12.89,9187740.0,716301,65536
20181017,12.94,13.08,12.46,12.89,9079640.0,709493,65536
20181018,12.59,12.9,12.22,12.66,6869197.0,547693,65536
20181019,12.46,13.09,12.31,13.07,6434094.0,501400,65536
20181022,13.61,13.99,13.32,13.96,22413546.0,1638200,65536
20181023,13.88,13.88,13.33,13.83,16181224.0,1178901,65536
20181024,13.72,14.45,13.68,13.73,17671516.0,1255601,65536
20181025,13.22,14.35,12.85,14.25,28990576.0,2105601,65536
20181026,14.37,14.88,14.0,14.61,34040052.0,2355900,65536
20181029,14.18,14.34,13.83,14.15,15100238.0,1068400,65536
20181030,14.12,15.0,13.93,14.66,35383764.0,2426600,65536
20181031,14.8,15.24,14.45,14.5,36386296.0,2467900,65536
20181101,14.29,14.65,14.26,14.6,25771364.0,1787100,65536
20181102,14.58,14.69,14.48,14.66,19532216.0,1337400,65536
20181105,14.66,14.93,14.22,14.45,24321794.0,1665400,65536
20181106,14.33,14.44,13.95,14.39,14567403.0,1027600,65536
20181107,14.4,14.45,14.2,14.25,12361737.0,863817,65536
20181108,14.31,15.68,14.31,15.0,64033424.0,4238867,65536
20181109,14.84,15.28,14.7,14.95,26179936.0,1752787,65536
20181112,15.03,15.9,15.03,15.65,39750004.0,2561777,65536
20181113,15.6,16.1,15.31,15.87,48301000.0,3060877,65536
20181114,15.77,15.86,15.4,15.47,32501604.0,2083605,65536
20181115,15.72,15.76,15.41,15.75,25244648.0,1618045,65536
20181116,15.86,16.79,15.51,16.58,60653488.0,3729305,65536
20181119,16.5,16.5,16.03,16.31,30571568.0,1877101,65536
20181120,16.18,16.41,15.37,15.69,37660796.0,2368401,65536
20181121,15.69,15.83,15.41,15.71,13647151.0,871200,65536
20181122,15.7,16.34,15.61,16.02,23078764.0,1433501,65536
20181123,15.81,16.09,14.79,15.0,21944028.0,1434000,65536
20181126,14.76,15.18,14.58,14.58,16752295.0,1134801,65536
20181127,14.48,15.71,14.48,15.29,28798236.0,1888800,65536
20181128,15.73,15.77,14.94,15.29,20627776.0,1360100,65536
20181129,15.17,15.35,14.41,14.42,16574139.0,1107900,65536
20181130,14.33,15.28,14.33,15.07,29484670.0,1981496,65536
20181203,15.5,15.58,15.24,15.38,22697312.0,1472811,65536
20181204,15.38,15.63,15.28,15.47,16721953.0,1082976,65536
20181205,15.9,17.02,15.58,17.02,77904456.0,4632524,65536
20181206,17.2,18.72,16.51,18.72,134746016.0,7643871,65536
20181207,18.27,19.87,17.31,17.37,153407888.0,8216846,65536
20181210,16.56,17.29,16.08,16.55,97312288.0,5875557,65536
20181211,16.78,18.21,16.66,18.08,170068192.0,9592552,65536
20181212,17.27,18.18,17.2,17.39,133649680.0,7574772,65536
20181213,17.74,18.39,17.02,18.15,102943168.0,5842045,65536
20181214,17.88,19.6,17.78,18.87,144041152.0,7633307,65536
20181217,18.94,19.52,18.1,19.11,111317176.0,5932146,65536
20181218,18.52,18.81,17.2,17.59,103365552.0,5750877,65536
20181219,17.71,17.81,17.02,17.32,57651552.0,3330973,65536
20181220,17.08,17.57,16.81,17.14,44437560.0,2587976,65536
20181221,16.71,17.36,16.71,17.3,33831816.0,1978871,65536
20181224,17.3,17.3,16.78,17.08,35383620.0,2087101,65536
20181225,16.85,16.85,15.73,16.5,45336508.0,2785971,65536
20181226,16.86,17.35,16.22,17.08,58140336.0,3435201,65536
20181227,17.5,17.5,16.6,16.6,35608016.0,2096800,65536
20181228,16.53,16.85,16.12,16.55,24603090.0,1486300,65536
20190102,16.7,16.7,16.16,16.16,15963525.0,971400,65536
20190103,16.25,16.29,15.7,15.76,25515352.0,1601600,65536
20190104,15.75,16.3,15.54,16.16,23342304.0,1458501,65536
20190107,16.23,16.6,16.1,16.45,22362352.0,1365131,65536
20190108,16.45,16.45,15.96,16.23,18099222.0,1119730,65536
20190109,16.4,17.03,16.3,16.43,51920048.0,3103901,65536
20190110,16.13,16.75,15.99,16.24,35248788.0,2176169,65536
20190111,16.2,16.39,16.0,16.33,22766718.0,1402000,65536
20190114,16.34,16.5,16.06,16.16,15108962.0,931607,65536
20190115,16.08,16.38,16.01,16.37,19269300.0,1184603,65536
20190116,16.34,16.9,16.2,16.9,33020220.0,1991202,65536
20190117,17.08,17.17,16.61,16.65,32522254.0,1931700,65536
20190118,16.95,17.38,16.7,17.19,52578824.0,3069818,65536
20190121,17.19,17.94,17.09,17.88,64540792.0,3687763,65536
20190122,17.8,17.8,17.32,17.6,36503056.0,2075260,65536
20190123,17.6,17.66,16.99,17.61,36103224.0,2086647,65536
20190124,17.45,17.75,17.11,17.13,28374656.0,1635127,65536
20190125,17.29,17.37,17.02,17.13,21249882.0,1235786,65536
20190128,17.12,17.29,16.62,16.83,20366234.0,1208700,65536
20190129,16.79,16.83,15.27,16.75,24239494.0,1501811,65536
20190130,17.6,17.61,16.22,16.22,32600466.0,1914300,65536
20190131,16.37,16.37,15.64,15.94,19707000.0,1237101,65536
20190201,15.97,17.16,15.96,16.67,17047176.0,1023402,65536
20190211,16.45,17.24,16.41,17.08,14229145.0,840203,65536
20190212,16.91,17.22,16.91,17.09,14745389.0,865130,65536
20190213,17.09,17.25,16.9,17.1,35356044.0,2063208,65536
20190214,17.17,17.31,16.99,17.05,24414968.0,1427121,65536
20190215,17.06,17.26,16.89,17.07,18290588.0,1072659,65536
20190218,17.19,17.46,17.05,17.42,49849364.0,2891062,65536
20190219,17.4,17.79,17.3,17.75,56606252.0,3222932,65536
20190220,17.82,18.48,17.44,17.55,37268516.0,2103831,65536
20190221,18.5,18.96,17.71,18.0,90563736.0,4954317,65536
20190222,17.42,17.9,17.4,17.84,47125944.0,2676704,65536
20190225,17.69,18.49,17.69,18.48,85406392.0,4714882,65536
20190226,18.47,18.5,18.02,18.05,54231172.0,2980174,65536
20190227,18.05,18.44,17.75,17.83,47029300.0,2597344,65536
20190228,17.67,18.04,17.66,17.76,26773036.0,1501338,65536
20190301,18.0,18.0,17.67,17.77,28962516.0,1626400,65536
20190304,17.8,18.23,17.72,18.14,45459080.0,2524591,65536
20190305,18.14,18.45,18.09,18.44,39658936.0,2171231,65536
20190306,18.44,19.31,18.23,19.08,71864496.0,3825124,65536
20190307,19.09,19.2,18.46,18.89,56789080.0,3013173,65536
20190308,18.88,19.87,18.46,18.81,68504960.0,3574069,65536
20190311,18.71,19.59,18.71,19.4,46741804.0,2437212,65536
20190312,19.41,19.68,19.1,19.26,47710856.0,2464098,65536
20190313,19.27,19.57,19.03,19.17,44344556.0,2300043,65536
20190314,19.2,19.44,18.01,18.05,39831936.0,2138300,65536
20190315,18.38,18.47,18.08,18.34,25535436.0,1395200,65536
20190318,18.58,18.58,18.26,18.57,21612636.0,1171600,65536
20190319,18.63,18.75,18.44,18.72,23483516.0,1261602,65536
20190320,18.64,18.68,18.1,18.45,28276858.0,1537000,65536
20190321,18.51,18.98,18.46,18.7,35088452.0,1871900,65536
20190322,18.7,18.9,18.31,18.84,30146752.0,1621162,65536
20190325,18.46,18.68,18.27,18.27,25069520.0,1356000,65536
20190326,18.5,18.5,17.55,17.63,28255136.0,1570775,65536
20190327,17.69,17.88,17.32,17.56,22108146.0,1260400,65536
20190328,17.6,17.84,17.39,17.57,20677844.0,1174200,65536
20190329,17.31,17.84,17.2,17.82,31859770.0,1820790,65536
20190401,17.84,18.32,17.8,18.21,20622940.0,1135262,65536
20190402,18.28,18.68,18.15,18.44,24416052.0,1328926,65536
20190403,18.48,19.15,18.23,18.86,29831228.0,1590604,65536
20190404,18.86,19.2,18.73,18.95,35729660.0,1887504,65536
20190408,19.03,19.1,18.36,18.75,31343634.0,1676654,65536
20190409,18.91,19.0,18.4,18.95,24196672.0,1285515,65536
20190410,18.92,19.19,18.06,18.92,38109408.0,2037831,65536
20190411,18.92,20.7,18.67,19.5,98555392.0,5049603,65536
20190412,19.28,19.96,18.4,19.6,68951160.0,3646009,65536
20190415,19.38,19.85,19.0,19.07,50973692.0,2622900,65536
20190416,18.8,19.35,18.41,19.26,39038944.0,2068413,65536
20190417,19.2,19.5,18.95,19.17,43271108.0,2248407,65536
20190418,19.08,19.28,18.8,19.17,31891908.0,1676492,65536
20190419,19.08,19.22,18.91,19.19,19647488.0,1030326,65536
20190422,19.19,19.8,19.05,19.28,32465600.0,1673200,65536
20190423,19.4,19.4,18.51,18.63,35240272.0,1871212,65536
20190424,18.63,18.8,18.31,18.6,18910300.0,1018485,65536
20190425,18.8,18.8,18.05,18.06,19264300.0,1049700,65536
20190426,18.2,18.51,18.0,18.28,16796380.0,916384,65536
20190429,18.26,18.39,17.55,17.6,20760184.0,1159985,65536
20190430,17.6,17.96,17.6,17.87,7562792.0,424800,65536
20190506,17.5,17.5,16.08,16.08,21596722.0,1289401,65536
20190507,16.53,16.53,15.9,16.34,10734301.0,659601,65536
20190508,15.8,16.35,15.69,16.02,11876908.0,735400,65536
20190509,15.8,16.5,15.7,16.05,9401170.0,583224,65536
20190510,16.15,16.68,15.7,16.5,16603390.0,1018315,65536
20190513,16.48,16.67,16.32,16.54,8574093.0,520110,65536
20190514,16.2,16.55,16.15,16.41,6427830.0,391400,65536
20190515,16.41,16.65,16.41,16.58,7502265.0,453200,65536
20190516,16.65,17.07,16.58,16.91,11026189.0,655615,65536
20190517,16.53,16.92,15.8,16.05,13279453.0,812228,65536
20190520,15.98,16.32,15.73,16.2,5294459.5,330733,65536
20190521,16.5,16.74,16.27,16.66,7050893.0,425130,65536
20190522,16.61,16.9,16.53,16.69,6714827.5,400530,65536
20190523,16.53,16.77,16.3,16.6,7590226.0,456700,65536
20190524,16.2,16.76,16.2,16.6,6265672.0,378605,65536
20190527,16.69,17.1,16.5,17.0,9185913.0,543300,65536
20190528,16.93,17.15,16.9,17.04,7618588.0,448000,65536
20190529,16.5,17.25,16.06,17.14,6152329.0,360600,65536
20190530,17.0,17.34,16.92,17.34,7163945.0,418200,65536
20190531,17.33,18.88,17.11,17.88,32176014.0,1773004,65536
20190603,17.71,18.31,17.6,17.73,17598508.0,980324,65536
20190604,17.73,17.99,17.51,17.88,13034723.0,733516,65536
20190605,17.9,18.49,17.86,18.46,18669724.0,1028367,65536
20190606,18.49,18.49,17.7,17.9,15858209.0,879328,65536
20190610,17.9,17.95,17.45,17.53,13703940.0,776071,65536
20190611,17.48,17.86,17.28,17.86,15295617.0,867815,65536
20190612,17.85,17.85,17.48,17.61,9306753.0,528450,65536
20190613,17.68,17.75,17.52,17.65,10826802.0,614205,65536
20190614,17.6,17.77,17.0,17.16,12560339.0,721501,65536
20190617,17.2,17.31,16.7,16.83,12914005.0,763371,65536
20190618,16.9,16.95,16.6,16.7,6245388.5,372402,65536
20190619,17.07,17.28,16.8,16.96,5925335.5,347167,65536
20190620,16.58,17.05,16.58,16.9,13038685.0,774671,65536
20190621,17.09,17.4,17.08,17.17,14512698.0,841051,65536
20190624,17.18,17.26,16.79,16.99,14211457.0,835401,65536
20190625,16.8,16.98,16.7,16.9,8038649.0,477001,65536
20190626,16.9,17.23,16.51,17.07,8375995.0,490800,65536
20190627,17.15,17.28,16.91,16.96,9205852.0,539201,65536
20190628,17.08,17.08,16.75,17.0,6761971.0,401000,65536
20190701,17.28,17.28,17.0,17.16,10638728.0,620900,65536
20190702,17.26,17.35,17.1,17.17,8545843.0,496127,65536
20190703,17.27,17.27,16.85,17.0,6930244.0,407900,65536
20190704,16.99,17.08,16.85,17.0,6253043.0,368401,65536
20190705,17.04,17.24,17.03,17.16,7859995.0,458601,65536
20190708,17.12,17.19,16.3,16.4,13006360.0,781700,65536
20190709,16.4,16.73,16.31,16.53,4070138.0,246210,65536
20190710,16.57,16.71,16.2,16.2,8019651.0,490300,65536
20190711,16.22,16.55,16.02,16.25,3933862.0,241000,65536
20190712,16.37,16.4,16.05,16.27,3556074.75,218900,65536
20190715,16.37,16.44,16.01,16.39,4490221.0,275604,65536
20190716,16.4,16.89,16.2,16.8,10203239.0,613299,65536
20190717,16.7,16.88,16.59,16.85,6875712.0,410200,65536
20190718,16.97,17.44,16.43,17.29,17040404.0,1003476,65536
20190719,17.26,17.68,17.09,17.25,36794616.0,2105636,65536
20190722,16.9,16.9,16.11,16.15,20204658.0,1241525,65536
20190723,16.16,16.3,16.02,16.15,6399991.0,396200,65536
20190724,16.15,16.38,16.15,16.25,5364686.0,329700,65536
20190725,16.34,16.38,16.1,16.18,5340531.0,329600,65536
20190726,16.1,16.35,16.1,16.24,5957451.5,367825,65536
20190729,16.24,16.35,16.12,16.31,4298784.0,265000,65536
20190730,16.31,16.45,16.27,16.36,3508433.25,214710,65536
20190731,16.42,16.42,16.2,16.32,2839376.0,174500,65536
20190801,16.31,16.32,16.11,16.27,2318301.5,142902,65536
20190802,16.24,16.24,15.84,15.97,6052063.0,378100,65536
20190805,15.94,16.13,15.8,15.9,6288573.0,393325,65536
20190806,15.8,15.8,15.0,15.16,7937597.0,520600,65536
20190807,15.1,15.44,14.97,14.98,5564852.0,368700,65536
20190808,15.18,15.18,14.38,14.93,4040257.0,271600,65536
20190809,15.08,15.18,14.57,14.7,4987811.0,336925,65536
20190812,14.41,15.05,14.41,15.05,4437896.0,298200,65536
20190813,14.97,14.97,14.75,14.96,3111087.0,209500,65536
20190814,15.1,15.35,14.91,14.94,4847183.0,321900,65536
20190815,14.84,14.9,14.51,14.89,5437495.0,369300,65536
20190816,14.8,15.06,14.77,14.92,3894512.75,260837,65536
20190819,14.81,15.47,14.8,15.36,8804858.0,577624,65536
20190820,15.45,15.65,15.17,15.58,6338794.0,408800,65536
20190821,15.57,15.64,15.31,15.41,5895875.0,380314,65536
20190822,15.38,15.6,15.35,15.6,8229201.5,531701,65536
20190823,15.45,15.58,15.21,15.25,9524072.0,620300,65536
20190826,14.81,15.72,14.75,15.5,9498022.0,617000,65536
20190827,15.4,15.74,15.38,15.65,6067860.0,387800,65536
20190828,15.65,15.99,15.43,15.89,7920345.0,500200,65536
20190829,15.9,15.99,15.6,15.67,5213324.0,331500,65536
20190830,15.75,15.98,15.25,15.33,6412176.0,410700,65536
20190902,15.28,16.0,15.28,15.93,9660404.0,610325,65536
20190903,15.93,15.98,15.65,15.71,7316408.0,464400,65536
20190904,15.84,15.84,15.54,15.77,6114187.0,389061,65536
20190905,15.8,16.1,15.78,15.88,8128036.0,509200,65536
20190906,16.0,16.07,15.8,15.87,7371450.0,463400,65536
20190909,16.34,16.34,15.83,16.08,9752858.0,608128,65536
20190910,16.2,16.35,16.01,16.16,8254875.0,511101,65536
20190911,16.18,16.73,15.97,16.64,21897720.0,1328172,65536
20190912,16.52,16.67,16.16,16.2,20183964.0,1234601,65536
20190916,16.21,16.37,16.07,16.33,10041232.0,618819,65536
20190917,17.07,17.07,15.85,15.95,17230464.0,1048819,65536
20190918,15.71,15.98,15.5,15.75,12262048.0,781126,65536
20190919,15.6,16.26,15.6,16.2,12527553.0,782689,65536
20190920,16.2,16.58,16.2,16.44,14741777.0,896085,65536
20190923,16.31,16.47,16.05,16.23,10311917.0,637001,65536
20190924,16.23,16.49,16.23,16.4,9859868.0,602900,65536
20190925,16.46,16.46,15.7,15.82,12822880.0,801386,65536
20190926,16.01,16.01,15.38,15.46,6620341.0,424685,65536
20190927,15.39,15.82,15.31,15.47,5570227.5,358805,65536
20190930,15.48,15.65,15.21,15.25,4541677.0,296000,65536
20191008,15.21,15.56,15.21,15.44,4473155.0,290000,65536
20191009,15.44,15.7,15.26,15.58,6892758.5,444702,65536
20191010,15.58,15.78,15.51,15.67,4854830.0,310500,65536
20191011,15.65,15.96,15.59,15.88,8021130.5,509605,65536
20191014,15.95,16.21,15.75,16.17,14976344.0,936706,65536
20191015,16.0,16.35,15.74,16.04,15158516.0,945100,65536
20191016,16.13,16.13,15.6,15.69,6973066.5,439001,65536
20191017,15.58,15.75,15.52,15.57,6172910.5,395726,65536
20191018,15.57,15.68,15.19,15.22,6779583.0,441000,65536
20191021,15.25,15.5,15.14,15.25,5413457.5,354412,65536
20191022,15.24,15.95,15.24,15.88,8152763.5,520506,65536
20191023,15.87,15.87,15.43,15.55,9062696.0,580227,65536
20191024,15.95,15.95,15.26,15.53,4680467.5,301012,65536
20191025,15.66,15.75,15.3,15.72,8301299.5,534710,65536
20191028,15.97,16.06,15.75,15.94,9682523.0,607500,65536
20191029,16.2,16.26,15.65,15.65,6823851.0,430300,65536
20191030,15.76,15.76,15.43,15.54,6596279.0,422700,65536
20191031,15.62,15.67,15.26,15.39,6186543.0,400200,65536
20191101,15.3,15.79,15.3,15.67,7330832.0,469100,65536
20191104,15.66,15.95,15.5,15.5,5690051.0,364800,65536
20191105,15.42,15.59,15.3,15.38,5867478.5,381225,65536
20191106,15.38,15.43,15.2,15.32,5022396.0,328701,65536
20191107,15.03,15.58,15.03,15.34,10774151.0,699202,65536
20191108,15.49,15.65,15.23,15.6,8524238.0,552025,65536
20191111,15.53,15.53,15.09,15.28,12303203.0,807527,65536
20191112,15.1,15.38,14.92,15.07,5517309.0,366500,65536
20191113,15.09,15.09,14.9,15.0,3549630.75,237302,65536
20191114,15.07,15.15,14.93,15.13,2716967.0,180200,65536
20191115,15.12,15.3,15.03,15.2,8473699.0,558602,65536
20191118,15.13,15.48,15.09,15.4,4493041.0,292826,65536
20191119,15.35,15.64,15.32,15.56,5973047.0,385100,65536
20191120,15.48,15.56,15.21,15.29,4054184.25,263701,65536
20191121,15.44,15.44,15.15,15.31,2639024.0,172200,65536
20191122,15.39,15.52,15.23,15.31,4548423.0,295800,65536
20191125,15.4,15.47,15.1,15.41,3896357.25,254201,65536
20191126,15.4,15.5,15.31,15.42,3019678.5,195946,65536
20191127,15.12,15.4,15.09,15.39,2173324.0,142100,65536
20191128,15.44,15.44,15.21,15.28,2107937.0,137700,65536
20191129,15.29,15.48,15.14,15.34,2596335.0,169500,65536
20191202,15.33,15.57,15.33,15.49,3849905.0,249500,65536
20191203,15.37,15.58,15.1,15.57,3760580.0,242900,65536
20191204,15.57,15.9,15.46,15.76,6330857.0,402584,65536
20191205,15.76,15.91,15.65,15.74,2999750.0,190400,65536
20191206,15.75,15.88,15.68,15.76,3548212.0,225700,65536
20191209,15.76,15.97,15.72,15.8,4127135.75,261300,65536
20191210,15.96,15.96,15.61,15.71,3258754.0,207000,65536
20191211,15.72,15.85,15.64,15.75,3738741.75,237201,65536
20191212,15.83,15.83,15.45,15.5,7493812.0,480100,65536
20191213,15.6,15.86,15.6,15.85,10404938.0,661000,65536
20191216,15.8,16.43,15.72,16.31,13335865.0,823923,65536
20191217,16.45,16.59,16.21,16.53,16455467.0,1002515,65536
20191218,16.52,17.65,16.42,17.2,40815736.0,2368903,65536
20191219,17.23,17.46,16.99,17.4,20093022.0,1164898,65536
20191220,17.43,17.75,17.29,17.37,20484110.0,1169830,65536
20191223,17.3,17.42,17.07,17.1,16388665.0,952816,65536
20191224,17.7,18.8,17.4,17.75,38601452.0,2155692,65536
20191225,17.91,18.63,17.65,18.13,30844494.0,1691098,65536
20191226,18.52,18.68,18.2,18.42,28707696.0,1559561,65536
20191227,18.42,18.55,18.24,18.42,28058938.0,1524957,65536
20191230,18.22,18.33,17.62,18.32,27134932.0,1507006,65536
20191231,18.54,18.54,18.04,18.2,18027706.0,988876,65536
20200102,18.2,18.76,18.17,18.69,30203778.0,1628803,65536
20200103,18.73,19.03,18.52,18.59,18872592.0,1007554,65536
20200106,18.42,18.9,18.2,18.7,22645996.0,1216900,65536
20200107,18.7,18.78,18.39,18.52,22447644.0,1209300,65536
20200108,18.36,19.17,18.36,18.97,41560384.0,2195160,65536
20200109,18.94,19.47,18.8,19.34,38541280.0,2008771,65536
20200110,19.42,20.5,19.42,19.47,51121332.0,2578050,65536
20200113,20.01,21.42,19.43,21.42,56443808.0,2748379,65536
20200114,22.5,22.5,21.11,21.66,83360056.0,3805314,65536
20200115,21.54,22.37,20.9,21.11,56642656.0,2644460,65536
20200116,21.04,22.09,21.01,22.0,45890092.0,2132651,65536
20200117,22.3,23.84,21.78,22.9,58967252.0,2594826,65536
20200120,22.9,23.39,22.66,23.0,38683424.0,1686687,65536
20200121,23.1,23.2,22.35,22.97,34695272.0,1514736,65536
20200122,22.77,24.49,22.47,23.88,42704064.0,1844243,65536
20200123,23.8,24.11,21.49,21.49,59626596.0,2637102,65536
20200203,19.34,19.34,19.34,19.34,8337474.0,431100,65536
20200204,17.5,20.9,17.5,20.57,68198784.0,3558490,65536
20200205,20.57,21.98,20.23,21.05,63870108.0,3045557,65536
20200206,20.91,23.16,20.81,22.55,73772128.0,3269926,65536
20200207,22.32,23.55,21.23,21.95,64639708.0,2924601,65536
20200210,21.83,22.21,21.42,21.8,33735620.0,1548871,65536
20200211,21.98,21.98,20.84,21.13,33965996.0,1600300,65536
20200212,21.13,21.29,20.77,20.9,28071828.0,1339249,65536
20200213,20.9,21.95,20.5,21.32,46285580.0,2159744,65536
20200214,21.35,21.88,20.75,20.99,29268086.0,1380657,65536
20200217,20.81,21.61,20.73,21.34,35605604.0,1679223,65536
20200218,21.29,22.17,21.0,21.85,45707280.0,2127269,65536
20200219,22.0,22.08,21.24,21.43,35136504.0,1625800,65536
20200220,21.59,22.95,21.0,22.65,59437752.0,2669045,65536
20200221,22.32,23.23,22.07,22.52,48279756.0,2153401,65536
20200224,22.3,22.9,21.6,22.52,49758448.0,2246400,65536
20200225,22.0,22.2,21.25,21.7,40892816.0,1874787,65536
20200226,21.2,21.6,20.96,21.2,36164924.0,1705415,65536
20200227,20.83,21.37,20.83,21.03,17911692.0,847100,65536
20200228,20.0,20.66,19.62,19.76,27449442.0,1366200,65536
20200302,20.16,20.29,19.69,20.11,25210238.0,1264994,65536
20200303,20.16,20.45,19.93,20.28,26055734.0,1284370,65536
20200304,20.26,20.26,19.84,20.03,18918652.0,945700,65536
20200305,20.14,20.4,19.95,20.2,14347733.0,712301,65536
20200306,20.22,20.22,19.84,20.1,17311110.0,866900,65536
20200309,19.8,20.17,19.02,19.13,25274940.0,1292300,65536
20200310,19.13,19.64,18.51,19.55,23604122.0,1229071,65536
20200311,19.55,19.83,19.14,19.16,18613858.0,953801,65536
20200312,19.01,19.07,18.2,18.43,16781044.0,904200,65536
20200313,17.86,18.6,17.2,18.4,27077704.0,1520141,65536
20200316,18.58,18.62,17.42,17.57,17390774.0,964354,65536
20200317,17.55,17.89,16.8,17.64,18951344.0,1094498,65536
20200318,17.68,18.17,17.42,17.43,17030300.0,955000,65536
20200319,17.44,17.75,16.96,17.3,10909502.0,630800,65536
20200320,17.46,17.85,17.46,17.79,13890001.0,785192,65536
20200323,17.51,17.64,16.9,17.01,13397993.0,779393,65536
20200324,17.33,17.76,17.18,17.76,14253531.0,813931,65536
20200325,17.99,18.37,17.99,18.3,14013480.0,769040,65536
20200326,18.3,18.38,17.74,17.76,10806870.0,602340,65536
20200327,17.98,18.08,17.8,17.8,11437639.0,638900,65536
20200330,17.62,17.67,17.16,17.36,10145383.0,584500,65536
20200331,17.48,18.11,17.48,17.91,13505189.0,755671,65536
20200401,17.8,18.21,17.65,17.95,11111334.0,618400,65536
20200402,17.91,18.4,17.57,18.4,15074339.0,829020,65536
20200403,18.37,18.58,17.93,18.04,12455018.0,685800,65536
20200407,18.2,18.42,18.04,18.32,16281829.0,888789,65536
20200408,18.21,18.43,18.02,18.34,9728161.0,533075,65536
20200409,18.43,18.54,18.3,18.38,8111960.0,440700,65536
20200410,18.26,18.4,17.98,18.09,14338049.0,792400,65536
20200413,18.24,18.24,17.58,17.7,10782057.0,604707,65536
20200414,17.7,19.47,17.7,19.47,51379016.0,2703940,65536
20200415,19.19,19.55,19.07,19.28,35546296.0,1842277,65536
20200416,19.4,19.4,19.01,19.17,16039128.0,836305,65536
20200417,19.18,19.3,19.0,19.21,17375754.0,905681,65536
20200420,19.15,19.3,18.79,18.96,15200880.0,803843,65536
20200421,18.9,18.96,18.37,18.54,14158610.0,762935,65536
20200422,18.47,19.63,18.28,19.47,25146828.0,1312773,65536
20200423,19.4,20.74,19.31,20.51,40931816.0,2040096,65536
20200424,20.54,22.56,20.42,22.0,69556296.0,3235630,65536
20200427,21.3,22.36,21.0,21.24,33882856.0,1573277,65536
20200428,21.58,22.5,21.0,22.1,46810716.0,2145793,65536
20200429,21.79,22.97,21.39,21.9,31846036.0,1442577,65536
20200430,21.9,22.08,21.65,21.77,25776566.0,1181521,65536
20200506,21.61,21.76,21.14,21.57,27415154.0,1278722,65536
20200507,21.6,22.6,21.45,22.5,33785764.0,1529501,65536
20200508,22.49,22.78,22.2,22.39,20151596.0,901401,65536
20200511,22.21,22.7,21.87,22.17,21996562.0,992442,65536
20200512,22.18,22.47,21.7,22.41,17280712.0,783600,65536
20200513,22.4,22.58,22.03,22.3,13988977.0,626600,65536
20200514,22.13,22.57,22.05,22.39,12846956.0,577300,65536
20200515,22.4,22.7,22.33,22.38,18749368.0,832500,65536
20200518,22.24,22.66,22.18,22.55,18349730.0,819018,65536
20200519,22.55,23.43,22.22,23.08,29843250.0,1301861,65536
20200520,23.11,23.4,22.6,22.64,20797934.0,906861,65536
20200521,22.77,22.84,21.93,21.94,20426876.0,916000,65536
20200522,21.97,22.48,21.5,21.96,19670344.0,889400,65536
20200525,21.81,22.34,21.61,22.25,19316750.0,878144,65536
20200526,22.08,22.83,22.08,22.81,18794748.0,831200,65536
20200527,22.78,23.21,22.33,22.55,17480348.0,771186,65536
20200528,22.35,22.88,21.93,22.78,15677123.0,699400,65536
20200529,22.62,23.88,22.56,22.88,33462250.0,1446700,65536
20200601,23.08,24.48,22.83,24.31,48933332.0,2063780,65536
20200602,24.29,25.0,24.05,24.21,38039964.0,1553200,65536
20200603,24.46,24.81,24.07,24.45,27874118.0,1137400,65536
20200604,24.84,25.46,24.22,25.45,40612864.0,1621400,65536
20200605,25.25,25.74,24.88,25.32,26468628.0,1049410,65536
20200608,25.61,25.65,24.3,24.4,45706136.0,1848502,65536
20200609,24.66,25.19,24.1,25.14,27021466.0,1095500,65536
20200610,25.15,25.54,24.87,25.04,13696052.0,544700,65536
20200611,25.04,25.65,24.0,25.06,21372246.0,852700,65536
20200612,24.46,25.2,24.12,24.92,13623629.0,548102,65536
20200615,24.8,25.28,24.55,25.09,18209836.0,730600,65536
20200616,25.08,27.6,24.81,25.87,42073560.0,1625300,65536
20200617,26.0,26.0,25.1,25.11,27074264.0,1067300,65536
20200618,25.1,25.19,24.31,24.7,23579258.0,956291,65536
20200619,24.73,25.28,24.46,24.87,23488896.0,944100,65536
20200622,25.1,25.18,24.6,24.8,13604714.0,546600,65536
20200623,25.04,25.05,24.12,24.2,23287168.0,953700,65536
20200624,24.2,26.15,23.8,25.8,46938504.0,1854900,65536
20200629,25.55,27.81,25.3,27.08,83666032.0,3111699,65536
20200630,26.88,27.51,26.28,26.4,42107112.0,1570300,65536
20200701,26.28,26.6,26.03,26.46,28578592.0,1085800,65536
20200702,26.31,26.55,26.06,26.12,20089420.0,765501,65536
20200703,26.12,26.39,25.8,25.83,18663316.0,716601,65536
20200706,25.87,26.24,25.71,25.84,36509800.0,1407700,65536
20200707,25.96,27.19,25.52,27.0,47715056.0,1812978,65536
20200708,26.87,27.53,26.51,27.21,34190568.0,1260100,65536
20200709,27.21,27.52,26.99,27.19,35317076.0,1297700,65536
20200710,27.15,27.99,26.8,27.49,38283216.0,1399449,65536
20200713,27.28,28.01,27.15,27.85,31699292.0,1150801,65536
20200714,27.95,28.18,27.51,27.96,33964980.0,1225101,65536
20200715,28.0,29.39,27.83,28.37,47832840.0,1674700,65536
20200716,28.36,28.59,26.4,26.52,36369176.0,1324070,65536
20200717,26.38,26.84,25.33,26.53,27782674.0,1063301,65536
20200720,26.59,27.39,26.59,27.26,16603765.0,614500,65536
20200721,27.72,29.85,27.53,27.97,28992918.0,1025452,65536
20200722,28.0,28.88,27.69,28.25,26483190.0,937900,65536
20200723,28.07,28.6,27.61,27.83,17898788.0,639300,65536
20200724,27.71,28.33,27.09,27.17,26637262.0,967402,65536
20200727,27.48,27.83,26.52,27.48,17899230.0,657602,65536
20200728,27.65,28.3,27.49,27.93,17166866.0,617400,65536
20200729,27.79,28.28,27.46,28.21,17976064.0,643403,65536
20200730,28.03,29.41,28.03,28.81,29843454.0,1032512,65536
20200731,28.75,28.94,28.13,28.62,24310124.0,854000,65536
20200803,29.03,29.03,28.4,28.8,24187034.0,842700,65536
20200804,28.62,29.36,28.04,28.41,21569114.0,755000,65536
20200805,28.41,29.33,28.11,29.13,37198936.0,1291400,65536
20200806,29.28,30.25,29.14,29.96,44351264.0,1484228,65536
20200807,30.07,30.29,29.11,29.21,29580926.0,1000411,65536
20200810,29.4,29.6,28.51,28.9,20617420.0,713000,65536
20200811,28.85,29.41,28.15,28.28,21857968.0,765000,65536
20200812,28.2,28.49,27.68,28.37,25480798.0,908727,65536
20200813,28.28,29.22,28.24,28.97,24637862.0,853300,65536
20200814,28.86,29.28,28.53,28.86,16844704.0,582400,65536
20200817,29.38,29.46,28.53,29.1,27722388.0,954800,65536
20200818,29.26,29.4,28.78,29.19,22908694.0,786730,65536
20200819,29.01,29.14,28.5,28.66,19674582.0,685400,65536
20200820,28.47,28.95,27.77,27.89,21381958.0,757234,65536
20200821,28.39,28.8,28.02,28.19,24784618.0,871101,65536
20200824,28.31,28.7,27.47,28.1,19321020.0,688100,65536
20200825,28.09,28.32,27.8,28.21,16071879.0,571325,65536
20200826,28.03,28.99,27.91,28.31,31870044.0,1122460,65536
20200827,28.39,28.78,28.12,28.39,24929576.0,876366,65536
20200828,28.59,28.59,27.56,27.81,31418618.0,1131398,65536
20200831,27.63,30.3,27.63,29.66,56424188.0,1936738,65536
20200901,29.67,29.67,28.97,29.22,25076176.0,858115,65536
20200902,29.09,29.3,28.73,28.95,14486788.0,500177,65536
20200903,28.82,29.28,28.4,28.5,16485600.0,571590,65536
20200904,27.99,28.49,27.52,28.38,13290769.0,472010,65536
20200907,28.38,28.84,27.41,27.5,16040931.0,574300,65536
20200908,27.5,27.82,26.91,27.45,17173048.0,630200,65536
20200909,27.66,27.66,26.16,26.28,22481728.0,841869,65536
20200910,26.28,27.0,25.85,25.99,20878492.0,793804,65536
20200911,25.8,26.98,25.52,26.52,10674564.0,407114,65536
20200914,26.52,27.16,26.52,26.78,9443737.0,352400,65536
20200915,26.53,27.08,26.36,26.67,9762871.0,366901,65536
20200916,26.82,26.82,26.05,26.61,9013437.0,341500,65536
20200917,26.72,27.45,26.1,27.37,14683076.0,543200,65536
20200918,27.59,28.11,27.1,27.86,18050862.0,651411,65536
20200921,27.87,28.18,27.6,27.93,11923298.0,426815,65536
20200922,27.97,28.39,27.6,27.98,13580906.0,483490,65536
20200923,28.03,28.55,27.82,28.32,10381443.0,367500,65536
20200924,28.88,28.88,27.03,27.34,19566792.0,710410,65536
20200925,18.47,18.47,17.51,17.6,16532004.0,927221,65536
20200928,15.84,17.75,15.84,17.59,14148772.0,817288,65536
20200929,17.51,18.24,17.34,17.46,13104730.0,736101,65536
20200930,17.36,17.65,17.12,17.34,8555336.0,494050,65536
20201009,17.75,18.32,17.33,18.24,15996470.0,903950,65536
20201012,18.1,18.73,18.04,18.35,20098380.0,1092606,65536
20201013,18.36,19.74,18.16,19.44,28207822.0,1481800,65536
20201014,19.49,20.68,19.26,19.88,43760400.0,2178226,65536
20201015,19.87,20.49,19.38,20.11,25492334.0,1270126,65536
20201016,20.25,20.25,19.64,19.69,18917260.0,955600,65536
20201019,19.71,20.31,19.42,19.63,15986286.0,810150,65536
20201020,19.36,20.1,19.25,19.95,16149928.0,816650,65536
20201021,20.05,20.15,19.44,19.58,16485696.0,837250,65536
20201022,19.64,19.93,19.22,19.68,13589342.0,691350,65536
20201023,19.8,19.89,19.46,19.53,11138512.0,566200,65536
20201026,19.52,19.9,17.61,19.8,19697514.0,1004096,65536
20201027,19.78,20.16,19.4,20.05,20260870.0,1014700,65536
20201028,20.1,20.85,19.99,20.78,35500636.0,1730650,65536
20201029,20.67,20.83,20.19,20.47,28419210.0,1384401,65536
20201030,20.41,20.72,20.13,20.18,21442430.0,1052852,65536
20201102,20.45,20.45,20.09,20.16,13224524.0,654900,65536
20201103,20.39,21.22,20.05,21.13,30489980.0,1462836,65536
20201104,21.35,21.66,21.05,21.4,30709728.0,1434106,65536
20201105,22.31,22.7,21.33,21.74,56748172.0,2601751,65536
20201106,21.72,21.72,20.77,21.02,40427844.0,1924058,65536
20201109,21.18,21.54,20.7,20.73,31958006.0,1527867,65536
20201110,20.81,20.92,20.51,20.63,22843794.0,1104805,65536
20201111,20.55,20.78,20.11,20.19,16400823.0,803000,65536
20201112,20.28,21.16,20.07,20.97,19045820.0,920350,65536
20201113,20.86,21.13,20.66,20.78,11457074.0,550650,65536
20201116,20.78,20.87,20.35,20.36,13050012.0,636223,65536
20201117,20.5,20.98,20.02,20.91,16207331.0,792203,65536
20201118,20.99,21.15,20.53,20.88,12897831.0,617450,65536
20201119,20.76,21.34,20.7,20.85,10342750.0,494250,65536
20201120,20.8,21.0,20.4,20.79,11670022.0,560350,65536
20201123,21.04,21.12,20.54,20.66,13928130.0,671150,65536
20201124,20.63,21.0,20.56,20.6,10700777.0,516552,65536
20201125,20.82,20.82,20.2,20.23,12191174.0,597550,65536
20201126,20.37,20.5,20.05,20.09,9153454.0,453434,65536
20201127,20.03,20.19,19.55,19.99,9897826.0,497850,65536
20201130,19.8,20.03,19.58,19.68,9046514.0,456650,65536
20201201,19.64,19.77,19.23,19.55,13956196.0,717000,65536
20201202,19.36,19.56,19.1,19.19,12057435.0,627501,65536
20201203,19.11,19.5,18.82,19.36,20003176.0,1043650,65536
20201204,19.32,19.82,19.01,19.12,23371460.0,1205647,65536
20201207,19.1,19.13,18.7,18.8,12397140.0,655383,65536
20201208,18.81,19.19,18.67,19.14,7730358.5,406518,65536
20201209,19.34,19.34,18.7,18.72,8967576.0,476405,65536
20201210,18.72,18.95,18.34,18.83,6272929.5,335400,65536
20201211,19.38,19.38,18.12,18.39,8738968.0,471900,65536
20201214,18.38,18.67,17.63,17.95,12488467.0,695253,65536
20201215,18.0,18.11,17.61,17.65,10147086.0,572091,65536
20201216,17.65,17.76,16.73,16.83,17492022.0,1026591,65536
20201217,16.99,17.66,16.41,17.45,25955246.0,1520914,65536
20201218,17.45,17.74,17.0,17.08,15936540.0,919471,65536
20201221,17.09,17.8,16.93,17.07,10334640.0,604400,65536
20201222,17.07,17.11,16.4,16.52,17857428.0,1064350,65536
20201223,16.49,16.98,16.36,16.83,10555077.0,631600,65536
20201224,16.82,16.93,16.28,16.47,13040182.0,787808,65536
20201225,16.54,17.16,16.17,17.05,14378738.0,855550,65536
20201228,17.13,17.95,16.89,17.67,17465760.0,995750,65536
20201229,17.5,17.78,17.01,17.03,10756332.0,625200,65536
20201230,16.92,17.49,16.69,17.05,8922414.0,524900,65536
20201231,17.04,17.59,16.96,17.55,9038134.0,521398,65536
20210104,17.54,19.0,17.38,18.91,22555048.0,1225368,65536
20210105,18.8,19.79,18.72,19.25,22779246.0,1177565,65536
20210106,19.3,19.39,18.5,18.85,13834060.0,734295,65536
20210107,18.85,19.23,18.54,18.61,20878200.0,1108149,65536
20210108,18.66,18.84,18.09,18.36,7342376.0,399880,65536
20210111,18.99,18.99,18.16,18.38,12302002.0,664750,65536
20210112,18.8,18.8,18.14,18.32,9743942.0,527067,65536
20210113,18.48,18.48,17.48,17.57,13593965.0,763348,65536
20210114,17.47,17.47,17.09,17.09,11640140.0,675950,65536
20210115,17.44,18.15,17.08,18.04,10228756.0,580450,65536
20210118,18.1,18.76,17.86,18.44,9152618.0,496666,65536
20210119,18.45,18.68,17.68,17.84,10570795.0,587851,65536
20210120,17.76,18.13,17.38,17.45,8147463.5,463100,65536
20210121,17.89,18.22,17.18,17.7,12072778.0,682497,65536
20210122,17.67,17.7,17.27,17.62,7867097.5,452035,65536
20210125,17.59,18.11,17.38,17.52,11729887.0,662021,65536
20210126,17.52,17.74,17.42,17.74,8182115.5,464733,65536
20210127,18.04,18.12,17.53,17.75,7318752.5,410150,65536
20210128,17.75,17.75,17.3,17.45,5911838.5,337599,65536
20210129,17.45,17.77,17.31,17.58,5638726.5,322416,65536
20210201,17.98,17.98,17.56,17.91,6364131.5,358250,65536
20210202,18.1,18.18,17.83,17.99,8515533.0,472600,65536
20210203,17.99,18.02,17.7,17.75,8486748.0,475100,65536
20210204,18.75,19.53,18.7,19.53,69381136.0,3567736,65536
20210205,19.6,19.8,17.58,17.58,70740776.0,3789141,65536
20210208,17.3,17.3,15.82,16.43,40585376.0,2495234,65536
20210209,16.4,16.67,16.21,16.36,17656758.0,1078750,65536
20210210,16.19,16.97,16.19,16.8,15672205.0,940548,65536
20210218,17.36,17.38,16.75,17.06,17959926.0,1056791,65536
20210219,16.88,18.68,16.88,18.6,33549778.0,1858414,65536
20210222,18.48,18.65,17.72,18.25,21407238.0,1170650,65536
20210223,18.33,18.45,17.75,17.88,12862846.0,714150,65536
20210224,17.64,17.9,17.11,17.46,17356264.0,994835,65536
20210225,17.46,17.66,17.21,17.36,6965357.0,401550,65536
20210226,17.19,17.9,17.1,17.46,10001993.0,573350,65536
20210301,17.51,17.67,17.31,17.49,14789174.0,845898,65536
20210302,17.66,17.89,17.25,17.48,7852261.5,450801,65536
20210303,17.08,17.49,17.08,17.45,5938489.5,341948,65536
20210304,17.28,17.95,17.15,17.57,8552565.0,484350,65536
20210305,17.68,18.58,17.4,18.3,22158810.0,1212966,65536
20210308,18.18,18.45,17.63,17.96,12166945.0,672536,65536
20210309,17.98,18.31,17.68,17.85,11478154.0,639300,65536
20210310,17.82,18.26,17.64,18.15,14104888.0,781700,65536
20210311,17.98,18.17,17.61,17.98,9890818.0,552600,65536
20210312,17.52,18.0,17.52,17.6,11522758.0,650352,65536
20210315,17.8,17.8,16.8,16.94,22116550.0,1294050,65536
20210316,17.0,17.45,16.75,17.13,15844603.0,929950,65536
20210317,17.11,17.12,16.74,16.89,9625154.0,569498,65536
20210318,16.89,17.19,16.8,16.95,8137035.0,480300,65536
20210319,16.68,17.21,16.68,16.78,6301350.5,374600,65536
20210322,17.11,17.11,15.82,16.46,12984260.0,786465,65536
20210323,16.46,16.59,16.25,16.57,9529354.0,580600,65536
20210324,16.68,16.7,16.19,16.38,8493987.0,518302,65536
20210325,16.1,16.49,15.77,16.4,5210236.0,319200,65536
20210326,16.42,16.42,16.11,16.31,9461325.0,578586,65536
20210329,16.62,16.62,16.12,16.26,6749222.5,415000,65536
20210330,16.28,16.32,16.02,16.06,5583172.5,346300,65536
20210331,16.33,16.33,16.0,16.18,6332730.5,392385,65536
20210401,16.35,16.35,15.9,15.95,7627323.5,475935,65536
20210402,15.79,16.19,15.74,16.05,10670538.0,669836,65536
20210406,16.16,16.16,15.8,16.04,7573055.0,473550,65536
20210407,15.96,16.11,15.9,16.07,5389190.5,336276,65536
20210408,16.13,16.13,15.9,15.91,8901031.0,557550,65536
20210409,15.96,16.18,15.8,16.14,6557421.0,411078,65536
20210412,16.31,16.37,15.95,16.0,8804457.0,543436,65536
20210413,15.67,16.11,15.59,15.62,5830281.0,370400,65536
20210414,15.58,17.18,15.57,16.18,9951385.0,618367,65536
20210415,16.0,16.28,15.7,15.8,6852700.5,433028,65536
20210416,15.65,15.97,15.65,15.89,4849714.5,306002,65536
20210419,16.04,16.45,15.8,16.31,11205949.0,691369,65536
20210420,16.64,16.64,16.21,16.22,6401547.0,392000,65536
20210421,16.21,16.21,15.98,16.02,4009714.0,249650,65536
20210422,16.04,16.15,16.01,16.04,2701768.5,168200,65536
20210423,16.04,16.04,15.72,15.79,4599400.5,290116,65536
20210426,15.8,15.94,15.65,15.67,5509908.5,348602,65536
20210427,15.65,15.65,14.9,14.99,12954278.0,857300,65536
20210428,15.04,15.08,14.22,14.34,13745105.0,950700,65536
20210429,14.34,14.54,14.14,14.33,6289530.5,439700,65536
20210430,14.29,14.48,14.15,14.21,5085721.0,356767,65536
20210506,14.22,14.8,14.22,14.42,6043140.5,415153,65536
20210507,14.56,14.79,14.42,14.47,4742564.0,325628,65536
20210510,14.46,14.75,14.46,14.52,3432228.5,235050,65536
20210511,14.52,14.68,14.42,14.56,4751395.0,326350,65536
20210512,14.48,14.64,14.29,14.44,4631529.0,321750,65536
20210513,14.44,14.64,14.14,14.21,8391184.0,586201,65536
20210514,14.25,14.62,14.17,14.58,6546385.0,454753,65536
20210517,14.75,14.85,14.32,14.4,5196568.0,360050,65536
20210518,14.37,14.6,14.24,14.34,4291900.0,299498,65536
20210519,14.21,14.34,14.15,14.22,5602120.5,393916,65536
20210520,14.25,14.25,13.6,13.71,7290699.0,525000,65536
20210521,13.71,14.72,13.66,14.62,11731335.0,823850,65536
20210524,14.63,15.0,14.4,14.46,8585964.0,585800,65536
20210525,14.31,14.48,14.04,14.44,5273948.0,368900,65536
20210526,14.44,14.55,14.21,14.36,4243275.5,295700,65536
20210527,14.28,14.5,14.21,14.37,4245786.0,294500,65536
20210528,14.36,14.63,14.36,14.5,5110111.0,353100,65536
20210531,14.62,15.38,14.41,14.83,12010046.0,806500,65536
20210601,15.1,15.1,14.6,14.67,7325764.5,496700,65536
20210602,14.6,14.84,14.4,14.44,6228277.0,428200,65536
20210603,14.53,14.67,14.37,14.44,4367002.5,299749,65536
20210604,14.44,14.76,14.33,14.64,4586261.0,313549,65536
20210607,14.64,14.95,14.6,14.75,4707067.5,319100,65536
20210608,14.68,15.14,14.64,14.97,7143313.5,478635,65536
20210609,14.89,15.14,14.83,15.05,5698000.0,378550,65536
20210610,15.05,15.22,14.85,14.9,5344564.5,357150,65536
20210611,14.97,15.9,14.91,14.98,7488733.5,497848,65536
20210615,15.1,15.13,14.3,14.45,7184288.5,494800,65536
20210616,14.42,14.54,14.16,14.18,5740440.0,401700,65536
20210617,14.27,14.38,14.06,14.11,3139583.5,221100,65536
20210618,14.13,14.32,14.02,14.12,4649796.0,328430,65536
20210621,14.4,14.4,14.01,14.2,3818096.75,269648,65536
20210622,14.22,14.86,14.18,14.71,8632733.0,594398,65536
20210623,14.71,15.6,14.71,14.9,17840600.0,1176836,65536
20210624,14.9,15.1,14.6,14.61,6267403.0,426650,65536
20210625,14.46,14.54,14.26,14.39,5848815.5,406500,65536
20210628,14.39,14.44,14.21,14.21,4667409.0,326085,65536
20210629,14.21,14.67,13.88,14.05,9000986.0,633450,65536
20210630,14.29,14.29,13.8,13.95,6976886.5,500450,65536
20210701,13.75,14.15,13.75,13.88,4342245.5,310550,65536
20210702,14.1,14.1,13.0,13.75,9013645.0,661150,65536
20210705,13.7,14.13,13.3,14.01,10069868.0,733600,65536
20210706,13.88,14.29,13.87,14.15,7339339.0,518800,65536
20210707,14.0,14.27,14.0,14.26,4313291.0,303550,65536
20210708,14.29,14.29,13.74,13.81,8335270.0,597100,65536
20210709,13.96,14.0,13.78,13.85,3574312.5,257600,65536
20210712,14.02,14.48,13.96,14.31,11203647.0,783682,65536
20210713,14.38,14.38,14.14,14.24,6723405.5,471700,65536
20210714,14.33,14.33,13.8,13.91,8520211.0,609801,65536
20210715,13.91,13.93,13.03,13.09,14567303.0,1097215,65536
20210716,13.09,13.47,13.0,13.28,7147328.0,539401,65536
20210719,13.43,13.43,12.85,12.98,7935464.0,610902,65536
20210720,12.98,13.06,12.82,12.95,4551755.0,352200,65536
20210721,13.0,13.18,12.87,13.02,7239318.5,556450,65536
20210722,13.02,13.04,12.88,12.96,5099905.0,393300,65536
20210723,12.98,13.06,12.49,12.61,10885866.0,856500,65536
20210726,12.69,13.1,12.25,12.39,6794434.5,545200,65536
20210727,12.37,12.79,12.31,12.49,4782230.5,382300,65536
20210728,12.38,12.43,11.99,12.17,7141676.0,588050,65536
20210729,12.18,12.64,12.18,12.44,5624228.0,452911,65536
20210730,12.71,12.71,12.1,12.19,6860870.0,555225,65536
20210802,12.28,12.47,12.06,12.43,7000208.0,568400,65536
20210803,12.45,12.63,12.31,12.48,6182978.5,494203,65536
20210804,12.6,12.68,12.25,12.52,6489742.0,516400,65536
20210805,12.52,12.53,12.21,12.35,5881293.5,475100,65536
20210806,12.35,12.38,12.15,12.35,3957020.0,323150,65536
20210809,12.45,12.95,12.34,12.85,11338090.0,887500,65536
20210810,12.89,13.65,12.7,13.47,19517086.0,1473272,65536
20210811,13.47,13.66,13.17,13.33,10028380.0,753430,65536
20210812,13.28,13.45,13.1,13.14,5534191.0,418934,65536
20210813,13.14,13.25,13.04,13.13,5273218.5,401750,65536
20210816,13.14,13.47,12.98,13.21,5621042.5,427803,65536
20210817,13.0,13.23,12.82,12.85,7977445.5,612550,65536
20210818,12.78,13.14,12.78,13.08,5262289.5,405003,65536
20210819,12.9,13.17,12.9,13.0,4192906.75,322720,65536
20210820,13.0,13.01,12.72,12.86,5556724.5,433203,65536
20210823,12.86,13.26,12.85,13.13,9601978.0,731750,65536
20210824,13.13,13.45,12.98,13.21,9013648.0,679339,65536
20210825,13.21,13.34,13.1,13.25,6383363.0,483150,65536
20210826,13.25,13.26,13.07,13.11,4797627.5,364912,65536
20210827,13.12,13.23,12.85,12.95,5283785.5,406350,65536
20210830,13.0,13.03,12.7,12.73,7407544.0,577700,65536
20210831,12.79,12.82,12.59,12.64,6463966.0,510800,65536
20210901,12.64,12.72,12.2,12.34,9283541.0,749680,65536
20210902,12.38,12.46,12.26,12.36,5384701.0,436285,65536
20210903,12.36,12.65,12.33,12.63,8925808.0,713096,65536
20210906,12.75,12.75,12.5,12.63,6527179.0,517565,65536
20210907,12.64,12.7,12.51,12.7,9848879.0,780750,65536
20210908,12.68,12.88,12.54,12.77,9221199.0,721850,65536
20210909,12.81,13.28,12.7,13.12,13030108.0,999750,65536
20210910,13.1,13.2,12.89,13.15,13999784.0,1072450,65536
20210913,13.15,13.4,13.03,13.32,12805958.0,967218,65536
20210914,13.28,13.71,13.14,13.62,22193950.0,1641409,65536
20210915,13.52,13.7,13.38,13.59,19460350.0,1435828,65536
20210916,13.59,13.84,13.3,13.56,15416206.0,1132750,65536
20210917,13.53,13.89,13.45,13.89,15696148.0,1147100,65536
20210922,13.82,13.88,13.21,13.51,13939547.0,1035751,65536
20210923,13.48,14.86,13.45,13.88,56011472.0,3881116,65536
20210924,13.72,13.72,12.49,12.62,52410552.0,4108004,65536
20210927,12.36,12.5,11.95,12.1,15986877.0,1305515,65536
20210928,12.1,12.16,11.55,12.13,8098397.5,678766,65536
20210929,12.14,12.14,11.6,11.64,9010849.0,764939,65536
20210930,11.6,11.86,11.6,11.83,5232676.5,445855,65536
20211008,11.85,12.15,11.82,12.1,5532003.0,461495,65536
20211011,12.1,12.3,11.99,12.24,5759118.0,473509,65536
20211012,12.2,12.3,11.86,11.99,5971616.0,497200,65536
20211013,11.95,12.28,11.88,12.16,4811283.0,396850,65536
20211014,12.14,12.38,12.1,12.22,4716875.5,385050,65536
20211015,12.13,12.34,11.8,12.06,4713093.0,390350,65536
20211018,12.06,12.26,12.04,12.09,4356818.0,359100,65536
20211019,12.18,12.34,12.03,12.09,3800264.0,312800,65536
20211020,12.09,12.14,11.88,12.0,3115258.0,259500,65536
20211021,12.0,12.01,11.71,11.79,2466419.0,208300,65536
20211022,11.77,11.78,11.54,11.54,4087476.75,350895,65536
20211025,11.56,11.59,11.38,11.53,2813764.5,243900,65536
20211026,11.5,11.63,11.38,11.47,3017173.0,263150,65536
20211027,11.42,11.42,11.02,11.04,4989405.5,447850,65536
20211028,11.06,11.26,11.03,11.08,3465503.0,312050,65536
20211029,11.06,11.56,11.04,11.54,6808329.0,600616,65536
20211101,11.55,11.64,11.39,11.39,3738961.0,325816,65536
20211102,11.5,11.54,11.08,11.2,3231545.5,287201,65536
20211103,11.2,11.36,11.1,11.27,2712492.5,241350,65536
20211104,11.27,11.49,11.21,11.38,2630797.0,231250,65536
20211105,11.3,11.48,11.28,11.36,4585198.0,402900,65536
20211108,11.37,11.51,11.26,11.43,3331347.5,291300,65536
20211109,11.6,11.6,11.4,11.5,2417442.0,210900,65536
20211110,11.5,11.57,11.47,11.57,4105549.5,356052,65536
20211111,11.63,11.74,11.57,11.74,5339079.0,458002,65536
20211112,11.68,12.1,11.63,11.99,8393669.0,706402,65536
20211115,11.99,12.18,11.9,12.12,7582105.0,628802,65536
20211116,12.1,12.2,11.96,12.05,4688833.0,388800,65536
20211117,11.95,12.18,11.83,12.12,3801671.0,314700,65536
20211118,12.12,12.18,11.92,12.0,4180449.5,346150,65536
20211119,11.98,12.2,11.95,12.2,4539969.5,375050,65536
20211122,12.2,12.2,12.03,12.13,3517266.0,290300,65536
20211123,12.1,12.62,12.04,12.22,8706347.0,709358,65536
20211124,12.19,12.53,12.11,12.27,8979334.0,728550,65536
20211125,12.23,13.18,12.23,12.9,17886980.0,1404815,65536
20211126,12.9,12.99,12.46,12.77,14656422.0,1161000,65536
20211129,12.75,12.75,12.27,12.4,7491760.5,605550,65536
20211130,12.47,12.53,12.31,12.42,6480330.0,521500,65536
20211201,12.41,12.49,12.26,12.43,5859806.5,472950,65536
20211202,12.42,12.96,12.37,12.78,16938096.0,1335305,65536
20211203,12.71,13.03,12.33,12.43,11570723.0,921402,65536
20211206,12.35,12.4,12.0,12.07,7753806.5,639415,65536
20211207,12.19,12.19,11.9,11.96,5902278.5,492300,65536
20211208,11.98,12.22,11.85,12.22,4402641.5,364452,65536
20211209,12.22,12.38,12.02,12.34,7816656.0,638427,65536
20211210,12.33,12.83,12.32,12.75,16610687.0,1314965,65536
20211213,12.73,12.78,12.49,12.58,10694944.0,849752,65536
20211214,12.58,13.42,12.52,13.29,24962952.0,1906100,65536
20211215,13.43,13.56,12.82,12.95,16419136.0,1255610,65536
20211216,12.84,13.24,12.77,13.04,10621238.0,816550,65536
20211217,13.17,13.17,12.83,12.89,6318020.5,489200,65536
20211220,12.86,12.99,12.6,12.8,5666012.5,441650,65536
20211221,12.7,12.96,12.7,12.85,7548106.0,587400,65536
20211222,12.85,13.17,12.81,13.08,9909115.0,759850,65536
20211223,13.08,13.18,12.81,12.88,6746944.0,522850,65536
20211224,12.89,12.98,12.65,12.88,11599035.0,908800,65536
20211227,12.88,12.94,12.62,12.92,9287862.0,723800,65536
20211228,12.97,13.03,12.6,13.03,6793844.0,527600,65536
20211229,13.03,13.5,12.67,12.85,24022122.0,1849250,65536
20211230,12.72,12.9,12.57,12.59,11524805.0,905200,65536
20211231,12.61,12.87,12.55,12.74,12416687.0,974252,65536
20220104,12.93,13.04,12.67,12.94,11020916.0,852700,65536
20220105,12.99,13.16,12.86,13.13,18464650.0,1417502,65536
20220106,13.14,13.34,13.13,13.15,15166342.0,1147136,65536
20220107,13.15,13.34,13.05,13.21,13048512.0,988102,65536
20220110,13.19,13.74,13.18,13.68,24809984.0,1839369,65536
20220111,13.75,15.05,13.67,15.05,26606000.0,1815906,65536
20220112,16.55,16.56,16.55,16.56,94732408.0,5721054,65536
20220113,16.04,16.42,15.34,15.58,162668800.0,10327831,65536
20220114,14.95,15.38,14.62,14.9,91238024.0,6118245,65536
20220117,14.8,15.4,14.56,14.95,71179304.0,4764388,65536
20220118,14.72,14.82,14.1,14.19,55632432.0,3870900,65536
20220119,14.08,14.35,13.91,14.32,31732540.0,2231750,65536
20220120,14.2,14.32,13.54,13.61,32549614.0,2348488,65536
20220121,13.66,13.69,13.19,13.22,23897724.0,1790038,65536
20220124,13.22,13.41,13.13,13.15,14575708.0,1100650,65536
20220125,13.11,13.26,12.18,12.42,23533324.0,1846450,65536
20220126,12.46,12.78,12.3,12.56,17134404.0,1361650,65536
20220127,12.52,12.55,12.05,12.05,14348603.0,1176300,65536
20220128,12.12,12.45,12.1,12.27,10018857.0,814001,65536
20220207,12.27,12.56,12.2,12.36,13310191.0,1074850,65536
20220208,12.41,12.66,12.23,12.62,14015266.0,1118700,65536
20220209,12.67,12.67,12.51,12.54,15697953.0,1248150,65536
20220210,12.49,12.62,12.35,12.36,12850081.0,1034300,65536
20220211,12.41,12.42,11.94,11.96,17365856.0,1437000,65536
20220214,11.96,12.54,11.21,12.42,16979522.0,1378250,65536
20220215,12.44,12.74,12.24,12.64,16673405.0,1330450,65536
20220216,12.64,12.97,12.58,12.72,20108352.0,1575200,65536
20220217,12.85,12.89,12.58,12.65,13594079.0,1070100,65536
20220218,12.64,12.71,12.43,12.67,8458798.0,672050,65536
20220221,12.67,12.81,12.61,12.73,9014270.0,709302,65536
20220222,12.69,14.0,12.69,14.0,47044028.0,3461407,65536
20220223,13.9,14.48,13.5,14.16,88983336.0,6400700,65536
20220224,13.95,15.32,13.6,14.25,96514984.0,6796706,65536
20220225,13.74,13.92,13.28,13.46,60999580.0,4481315,65536
20220228,13.45,13.46,12.89,13.22,32881726.0,2495750,65536
20220301,13.23,13.48,13.05,13.48,29542896.0,2216700,65536
20220302,13.55,13.76,13.35,13.65,29181234.0,2144050,65536
20220303,13.63,13.87,13.36,13.37,29848908.0,2194125,65536
20220304,13.4,13.62,13.1,13.33,17728258.0,1333200,65536
20220307,13.41,13.84,13.32,13.55,29132926.0,2141502,65536
20220308,13.55,13.7,12.83,13.04,20752760.0,1577950,65536
20220309,12.85,13.37,12.18,13.1,23899972.0,1848550,65536
20220310,13.3,13.57,13.1,13.25,22077210.0,1655900,65536
20220311,13.04,13.58,12.68,13.55,16751002.0,1258900,65536
20220314,13.57,13.64,12.91,12.91,21015840.0,1587750,65536
20220315,12.84,13.1,11.75,11.79,27995596.0,2279800,65536
20220316,12.03,12.33,11.51,11.94,24384810.0,2061750,65536
20220317,11.97,12.58,11.85,12.32,14769898.0,1200200,65536
20220318,12.3,12.47,12.24,12.38,8167970.0,659600,65536
20220321,12.61,12.63,12.38,12.61,8740598.0,698400,65536
20220322,12.62,12.78,12.4,12.67,11036567.0,872150,65536
20220323,12.67,12.89,12.42,12.46,11304194.0,900950,65536
20220324,12.45,12.5,12.24,12.3,7608153.0,616806,65536
20220325,12.29,13.53,12.29,12.94,40384120.0,3075818,65536
20220328,12.2,12.97,12.03,12.6,25229678.0,2013018,65536
20220329,12.47,12.88,12.12,12.2,11485478.0,929950,65536
20220330,12.29,12.37,12.2,12.27,8566852.0,697450,65536
20220331,12.38,12.39,12.14,12.18,9693645.0,791900,65536
20220401,12.15,12.15,11.76,12.0,14394503.0,1206300,65536
20220406,12.11,12.35,12.0,12.24,12366988.0,1011950,65536
20220407,12.27,12.32,12.1,12.24,19980852.0,1637250,65536
20220408,12.25,12.96,12.12,12.96,27594748.0,2210250,65536
20220411,12.86,13.75,12.31,12.39,40145880.0,3111050,65536
20220412,12.35,12.36,11.8,12.02,19214724.0,1602550,65536
20220413,12.01,12.18,11.71,11.9,14701876.0,1232902,65536
20220414,11.92,12.0,11.8,11.86,6472869.0,544000,65536
20220415,11.95,11.95,11.3,11.41,15548460.0,1352550,65536
20220418,11.5,11.69,11.25,11.61,9752042.0,844250,65536
20220419,11.54,11.92,11.52,11.7,8250216.0,703050,65536
20220420,11.68,12.02,11.61,11.83,11371574.0,957000,65536
20220421,11.93,11.93,11.22,11.26,10973645.0,952800,65536
20220422,11.3,11.3,11.0,11.05,9346025.0,841100,65536
20220425,10.82,11.0,9.95,9.95,19766076.0,1911550,65536
20220426,9.97,9.99,9.12,9.2,19074404.0,2002608,65536
20220427,9.17,9.32,8.77,9.3,10830007.0,1195250,65536
20220428,9.38,9.49,8.9,9.0,10374840.0,1134350,65536
20220429,9.35,9.82,9.1,9.69,11075381.0,1163950,65536
20220505,9.64,9.9,9.47,9.81,6297687.0,644700,65536
20220506,9.8,9.8,9.4,9.73,8356972.0,863825,65536
20220509,9.93,10.25,9.66,10.06,9180219.0,910002,65536
20220510,10.0,10.2,9.99,10.14,7389473.0,733050,65536
20220511,10.26,11.15,10.1,11.15,15332523.0,1415300,65536
20220512,12.19,12.27,11.36,12.27,34344340.0,2861450,65536
20220513,13.49,13.5,13.49,13.5,25336724.0,1877050,65536
20220516,14.85,14.85,14.85,14.85,12249765.0,824900,65536
20220517,15.95,15.95,13.37,13.37,184293120.0,12942313,65536
20220518,12.03,13.1,12.03,12.42,116957720.0,9401723,65536
20220519,12.04,13.3,12.03,12.6,93559136.0,7403615,65536
20220520,12.89,13.15,12.15,12.84,102028176.0,8079072,65536
20220523,12.89,12.98,12.42,12.52,76255416.0,6024752,65536
20220524,12.57,13.77,12.25,12.26,91836744.0,7022711,65536
20220525,12.06,13.49,12.0,12.53,62122524.0,4896534,65536
20220526,12.57,12.66,11.88,12.16,44514136.0,3663815,65536
20220527,12.23,12.31,12.03,12.03,28185736.0,2318024,65536
20220530,12.67,13.23,12.37,13.23,42892332.0,3339450,65536
20220531,14.31,14.31,12.8,13.0,82480984.0,6132477,65536
20220601,13.16,13.51,12.83,12.9,38692992.0,2952200,65536
20220602,12.67,13.3,12.67,13.1,39549852.0,3037600,65536
20220606,13.12,13.26,12.89,13.07,30462148.0,2343600,65536
20220607,13.3,13.3,12.77,12.94,25091056.0,1944950,65536
20220608,13.1,13.18,12.6,12.86,20426420.0,1582000,65536
20220609,12.93,12.93,12.35,12.4,17246964.0,1385600,65536
20220610,12.28,12.81,12.25,12.74,13426153.0,1065177,65536
20220613,12.75,13.07,12.54,12.58,21674904.0,1694300,65536
20220614,12.55,13.0,12.32,12.84,35098020.0,2777227,65536
20220615,12.8,13.39,12.8,12.97,27461904.0,2108429,65536
20220616,12.98,13.2,12.78,12.89,15659679.0,1214852,65536
20220617,12.94,13.16,12.69,13.15,16154264.0,1244400,65536
20220620,13.2,13.68,13.01,13.5,30800950.0,2288000,65536
20220621,13.55,13.69,12.96,13.49,22127688.0,1672550,65536
20220622,13.75,14.44,13.12,13.52,41476160.0,3077777,65536
20220623,13.75,13.97,13.23,13.34,35770052.0,2665602,65536
20220624,13.3,13.86,13.17,13.66,36882740.0,2739650,65536
20220627,13.52,13.67,13.04,13.42,31467284.0,2362400,65536
20220628,13.42,13.64,13.21,13.28,32867714.0,2454038,65536
20220629,13.26,13.4,12.94,12.94,19528752.0,1484829,65536
20220630,12.9,13.13,12.77,12.79,14532160.0,1126900,65536
20220701,12.79,12.98,12.55,12.9,12221985.0,956500,65536
20220704,12.89,12.89,12.5,12.8,16465180.0,1297650,65536
20220705,12.78,12.89,12.31,12.42,11184044.0,894800,65536
20220706,12.39,12.6,12.2,12.29,9732761.0,790161,65536
20220707,12.38,12.75,12.0,12.51,8931538.0,716172,65536
20220708,12.5,12.68,12.45,12.59,8722607.0,693372,65536
20220711,12.53,12.71,12.23,12.33,11947540.0,967111,65536
20220712,12.28,12.38,12.06,12.13,8728859.0,716615,65536
20220713,12.13,12.56,12.07,12.48,8237522.5,668100,65536
20220714,12.44,12.68,12.33,12.6,6944693.5,552222,65536
20220715,12.58,12.58,12.11,12.12,9382462.0,762135,65536
20220718,12.3,13.33,12.13,13.33,15861098.0,1218485,65536
20220719,14.6,14.66,14.49,14.66,31731284.0,2168000,65536
20220720,16.0,16.0,13.52,13.7,138888496.0,9721351,65536
20220721,13.7,15.07,13.65,15.07,85510952.0,5883067,65536
20220722,15.23,15.8,14.43,14.96,133455872.0,8935635,65536
20220725,14.95,15.08,14.35,14.66,64234012.0,4383657,65536
20220726,14.52,15.04,14.19,14.96,49579584.0,3373789,65536
20220727,14.99,15.72,14.7,15.38,67747496.0,4405002,65536
20220728,15.43,16.92,15.43,16.92,37554316.0,2264751,65536
20220729,17.22,17.85,16.2,16.9,135764624.0,8092236,65536
20220801,16.38,17.15,16.28,16.65,71808912.0,4298907,65536
20220802,16.92,16.92,15.8,15.8,73358800.0,4551250,65536
20220803,15.53,16.25,15.28,15.28,44304360.0,2815450,65536
20220804,15.31,16.5,15.31,16.06,43744352.0,2772762,65536
20220805,15.95,16.68,15.7,16.54,53023964.0,3248983,65536
20220808,16.48,18.19,15.8,17.79,87971336.0,5068259,65536
20220809,17.65,17.92,17.47,17.68,49188352.0,2785115,65536
20220810,17.6,18.34,17.5,18.25,57353488.0,3190262,65536
20220811,18.06,18.6,17.8,18.08,39698172.0,2185700,65536
20220812,18.09,18.48,17.9,18.06,30828792.0,1696200,65536
20220815,17.95,18.94,17.72,18.81,51914516.0,2807547,65536
20220816,18.86,20.69,18.84,20.69,160441632.0,7846350,65536
20220817,19.97,21.36,19.5,20.04,173413120.0,8537180,65536
20220818,20.04,22.01,19.76,21.5,110970664.0,5269902,65536
20220819,21.43,21.9,20.52,20.7,70170960.0,3299306,65536
20220822,20.06,21.38,20.06,20.9,75566280.0,3631912,65536
20220823,20.95,22.59,20.68,21.5,71800616.0,3321066,65536
20220824,22.23,22.37,20.59,21.5,86372904.0,4093406,65536
20220825,21.52,21.82,20.97,21.74,58726392.0,2730145,65536
20220826,21.66,22.08,20.98,21.2,43666896.0,2033479,65536
20220829,21.11,21.45,20.45,20.9,45808044.0,2174950,65536
20220830,21.17,21.21,20.08,20.64,48275900.0,2368300,65536
20220831,20.55,20.98,19.67,20.1,34359472.0,1710992,65536
20220901,19.9,20.2,19.35,19.65,30590660.0,1555488,65536
20220902,19.79,20.57,19.34,20.25,32716786.0,1623750,65536
20220905,20.32,20.42,19.65,20.27,25197162.0,1260700,65536
20220906,20.4,20.55,20.11,20.25,18504906.0,911600,65536
20220907,21.17,21.17,19.69,20.32,28910208.0,1419080,65536
20220908,20.5,20.52,19.72,19.9,23285988.0,1162700,65536
20220909,19.99,20.09,19.41,19.92,20409688.0,1034800,65536
20220913,19.92,20.18,18.92,19.23,31871904.0,1651900,65536
20220914,19.0,19.22,18.33,19.04,22901110.0,1208901,65536
20220915,19.05,19.06,18.21,18.32,21636632.0,1171300,65536
20220916,18.32,18.5,18.01,18.19,17661526.0,964150,65536
20220919,18.18,18.38,17.52,18.18,19046788.0,1055800,65536
20220920,18.19,18.68,18.15,18.2,14639917.0,796590,65536
20220921,18.07,19.31,17.85,18.27,40269628.0,2173047,65536
20220922,17.94,19.19,17.94,18.87,41926524.0,2238300,65536
20220923,18.77,18.99,17.99,18.65,40760296.0,2202246,65536
20220926,18.65,20.52,18.01,20.52,99378664.0,4908781,65536
20220927,21.1,22.57,21.02,22.13,184785424.0,8410752,65536
20220928,22.0,22.79,21.7,22.58,120398144.0,5417150,65536
20220929,22.34,23.4,22.1,22.45,87320936.0,3853313,65536
20220930,22.3,23.29,21.95,22.73,79789632.0,3539050,65536
20221010,22.9,23.64,22.34,22.45,66294820.0,2889450,65536
20221011,22.76,23.1,22.07,22.7,55282664.0,2449849,65536
20221012,22.92,23.98,22.19,23.3,77770872.0,3375650,65536
20221013,23.3,23.53,22.54,23.02,54263048.0,2357100,65536
20221014,23.02,23.25,22.65,23.02,47063812.0,2039150,65536
20221017,22.65,23.29,21.78,22.74,78795616.0,3522248,65536
20221018,22.75,22.94,22.23,22.63,35372636.0,1571348,65536
20221019,22.22,22.62,21.88,22.19,35583080.0,1602548,65536
20221020,22.09,22.57,21.32,21.82,44633608.0,2040209,65536
20221021,22.26,22.45,21.41,22.09,28637520.0,1299082,65536
20221024,22.01,22.28,21.41,21.58,33439010.0,1539550,65536
20221025,21.58,21.85,21.2,21.58,17631454.0,820300,65536
20221026,21.65,22.05,20.98,21.06,33847240.0,1584800,65536
20221027,20.95,21.29,20.66,20.78,42046728.0,2006300,65536
20221028,20.66,20.86,18.88,19.6,34976064.0,1739500,65536
20221031,18.37,19.8,18.37,18.96,61683240.0,3235032,65536
20221101,18.98,19.38,18.88,19.27,32407304.0,1689450,65536
20221102,19.26,20.29,18.92,20.1,28167784.0,1422750,65536
20221103,19.86,22.11,19.7,22.11,81816392.0,3873155,65536
20221104,22.5,22.68,21.56,22.15,69105184.0,3147651,65536
20221107,22.16,22.48,21.88,22.0,50987468.0,2301835,65536
20221108,22.01,22.42,21.63,22.39,37690572.0,1699285,65536
20221109,22.24,23.52,22.24,22.86,57041848.0,2489751,65536
20221110,22.84,22.97,22.26,22.53,28905744.0,1283402,65536
20221111,23.03,23.03,21.98,22.44,28776628.0,1286497,65536
20221114,22.8,22.8,21.83,21.91,27053784.0,1230450,65536
20221115,21.91,22.12,21.63,22.12,20604728.0,941118,65536
20221116,22.12,22.44,21.9,22.16,16531449.0,747100,65536
20221117,22.16,22.16,21.51,21.85,15900923.0,730965,65536
20221118,21.83,22.01,21.49,21.95,13103170.0,601945,65536
20221121,21.96,22.11,21.51,21.69,16527182.0,760200,65536
20221122,21.69,21.96,20.9,21.0,17846514.0,835850,65536
20221123,21.0,21.0,20.55,20.87,20583642.0,989528,65536
20221124,20.88,21.52,20.76,21.0,12809176.0,608600,65536
20221125,21.12,21.12,20.7,20.98,10875699.0,520450,65536
20221128,20.68,20.95,19.68,20.82,15934918.0,770700,65536
20221129,20.77,21.3,20.52,21.1,18466896.0,888900,65536
20221130,21.08,22.39,20.82,22.02,41822268.0,1932526,65536
20221201,22.02,22.38,21.45,21.74,20168792.0,925552,65536
20221202,21.76,21.89,21.24,21.27,15401358.0,717450,65536
20221205,21.44,21.6,21.05,21.26,13714275.0,641801,65536
20221206,21.39,21.85,20.72,20.93,15821072.0,753950,65536
20221207,20.93,21.48,20.68,21.1,15465819.0,731550,65536
20221208,21.1,21.33,20.86,21.02,13837635.0,655400,65536
20221209,21.14,21.3,20.5,20.51,12692203.0,612900,65536
20221212,20.79,20.97,20.34,20.71,11337795.0,549417,65536
20221213,20.62,20.71,20.14,20.21,14371280.0,707552,65536
20221214,20.31,20.53,20.03,20.13,4492670.0,222050,65536
20221215,20.26,20.55,19.84,20.44,8556404.0,421050,65536
20221216,20.7,20.7,19.84,19.97,11188670.0,558000,65536
20221219,19.97,20.8,19.5,19.67,17914860.0,892900,65536
20221220,18.77,20.13,18.77,19.74,11760790.0,596150,65536
20221221,19.75,19.88,19.26,19.64,10219540.0,523101,65536
20221222,19.65,19.8,19.0,19.06,6154132.5,317815,65536
20221223,19.09,19.18,18.53,18.66,7765377.5,414250,65536
20221226,18.81,19.71,18.66,19.4,10272829.0,528900,65536
20221227,19.3,19.9,18.94,19.26,9569078.0,495300,65536
20221228,19.26,19.26,18.54,18.65,6614211.0,353200,65536
20221229,18.65,18.82,18.28,18.48,6479889.0,350500,65536
20221230,18.59,18.8,18.3,18.44,5771415.0,312400,65536
20230103,18.48,18.86,18.33,18.84,6295358.0,337200,65536
20230104,18.85,19.1,18.45,18.72,8465747.0,449600,65536
20230105,19.06,19.24,18.3,18.82,14974630.0,790150,65536
20230106,18.9,19.15,18.65,18.87,7854672.0,414540,65536
20230109,19.0,19.43,18.89,18.98,9046862.0,473601,65536
20230110,19.2,19.3,18.6,18.89,9136186.0,485700,65536
20230111,18.87,18.87,18.35,18.44,9206402.0,495650,65536
20230112,18.48,18.69,18.34,18.37,7440954.0,402900,65536
20230113,18.38,18.51,18.18,18.34,6708931.5,365750,65536
20230116,18.29,18.4,18.1,18.25,4833317.0,264600,65536
20230117,18.31,18.58,18.1,18.22,7653515.0,417200,65536
20230118,18.4,18.76,18.22,18.56,9914565.0,536500,65536
20230119,18.8,19.44,18.42,19.04,18872248.0,993300,65536
20230120,18.95,19.3,18.43,18.7,25179852.0,1351850,65536
20230130,18.81,19.5,18.81,18.89,25789910.0,1342827,65536
20230131,18.95,19.18,18.81,19.15,14960784.0,785200,65536
20230201,19.2,19.4,19.01,19.3,8406344.0,436400,65536
20230202,19.49,21.23,19.28,20.59,53613716.0,2620178,65536
20230203,20.0,20.63,20.0,20.59,35973036.0,1763356,65536
20230206,20.57,20.61,18.68,18.88,68319016.0,3517999,65536
20230207,18.75,19.33,18.51,19.1,35972844.0,1905900,65536
20230208,18.89,19.28,18.7,18.82,24978126.0,1319150,65536
20230209,18.82,18.91,18.41,18.55,23685596.0,1273200,65536
20230210,18.49,18.6,18.25,18.36,17114838.0,931050,65536
20230213,18.42,18.48,18.16,18.25,20518932.0,1122300,65536
20230214,18.37,18.37,18.1,18.21,14636128.0,804437,65536
20230215,18.27,18.36,18.06,18.12,21224776.0,1165235,65536
20230216,18.18,18.23,16.31,17.51,28250126.0,1586850,65536
20230217,17.56,17.93,17.43,17.72,24674538.0,1396452,65536
20230220,17.86,17.9,17.07,17.29,23991744.0,1386800,65536
20230221,17.32,17.37,17.12,17.22,17381882.0,1008300,65536
20230222,17.22,17.28,16.94,17.02,13665630.0,800337,65536
20230223,17.05,17.31,16.93,17.06,15816698.0,922700,65536
20230224,17.07,17.23,16.7,16.8,11116922.0,660450,65536
20230227,16.82,16.93,16.3,16.36,20736968.0,1257813,65536
20230228,16.41,16.56,16.26,16.56,16709056.0,1016458,65536
20230301,16.53,16.75,16.33,16.57,16733659.0,1015150,65536
20230302,16.65,16.93,16.41,16.49,24189638.0,1456613,65536
20230303,16.5,16.59,16.02,16.15,26932660.0,1660300,65536
20230306,16.15,16.38,15.59,15.78,29713316.0,1879700,65536
20230307,15.78,15.87,15.5,15.51,14990527.0,956500,65536
20230308,15.5,15.77,15.3,15.77,15332948.0,985021,65536
20230309,15.78,16.08,15.61,16.08,19644100.0,1237500,65536
20230310,16.07,16.22,15.68,15.83,18352222.0,1156758,65536
20230313,15.83,15.89,15.5,15.7,10343233.0,660613,65536
20230314,15.7,16.38,15.03,15.2,34880436.0,2240282,65536
20230315,15.2,15.61,15.16,15.42,12399633.0,805614,65536
20230316,15.37,15.6,15.16,15.16,11520299.0,748400,65536
20230317,15.3,15.44,15.08,15.1,10903346.0,715650,65536
20230320,15.1,15.24,14.84,15.14,15471042.0,1028200,65536
20230321,15.0,15.78,15.0,15.77,32440570.0,2092200,65536
20230322,15.81,16.37,15.71,16.07,30629516.0,1911432,65536
20230323,16.07,16.07,15.74,15.89,20308286.0,1278500,65536
20230324,15.98,16.39,15.9,16.27,25362246.0,1561950,65536
20230327,16.17,16.27,15.95,15.99,20096084.0,1251600,65536
20230328,16.04,16.18,15.86,15.86,12770516.0,799100,65536
20230329,15.9,16.1,15.7,15.78,13962910.0,881500,65536
20230330,15.79,15.8,15.55,15.61,11555258.0,739100,65536
20230331,15.62,15.89,15.49,15.75,13158435.0,837050,65536
20230403,15.79,15.95,15.55,15.84,16487774.0,1048300,65536
20230404,15.82,15.83,15.32,15.41,10904959.0,702400,65536
20230406,15.5,15.5,15.24,15.37,7407928.5,483050,65536
20230407,15.22,15.66,15.09,15.64,10407516.0,671400,65536
20230410,15.63,15.64,15.06,15.22,16094393.0,1054450,65536
20230411,15.2,15.7,15.05,15.44,18941922.0,1234100,0
