date,open,high,low,close,amout,vol,str07
20110830,43.0,47.7,43.0,47.1,1638798720.0,35963758,65536
20110831,46.6,47.2,44.61,45.82,869701824.0,18888145,65536
20110901,45.8,46.78,44.71,44.91,471814592.0,10352723,65536
20110902,44.8,44.8,42.61,42.74,447665696.0,10329450,65536
20110905,43.0,43.73,41.0,41.43,359115392.0,8405301,65536
20110906,40.01,40.58,38.22,39.57,351005056.0,8865298,65536
20110907,40.7,41.36,40.14,41.0,311082912.0,7629020,65536
20110908,40.8,41.85,40.0,41.31,271469536.0,6654228,65536
20110909,40.85,42.3,39.8,39.86,220970672.0,5370225,65536
20110913,38.39,39.0,37.55,37.85,167828336.0,4400319,65536
20110914,38.08,38.98,37.88,38.8,142907776.0,3712424,65536
20110915,38.81,42.68,38.81,41.71,489554400.0,11754293,65536
20110916,42.4,43.6,42.03,42.35,348500128.0,8136094,65536
20110919,41.6,43.05,40.6,42.19,177056128.0,4230395,65536
20110920,41.72,43.18,41.72,42.86,150910672.0,3536641,65536
20110921,42.82,44.19,42.02,43.69,206557584.0,4790866,65536
20110922,43.0,43.77,42.57,42.78,176281152.0,4086145,65536
20110923,41.7,42.66,39.03,42.08,233936640.0,5717207,65536
20110926,41.4,41.76,40.1,40.49,100564704.0,2457713,65536
20110927,40.8,40.8,39.05,39.95,84424144.0,2113724,65536
20110928,40.18,40.47,37.8,38.13,109709248.0,2818169,65536
20110929,37.33,38.48,37.02,37.52,65524060.0,1732985,65536
20110930,37.84,37.94,35.67,36.16,69421688.0,1896692,65536
20111010,36.18,36.5,35.66,35.68,46706012.0,1297090,65536
20111011,36.6,36.99,35.03,35.94,89492296.0,2471545,65536
20111012,35.5,37.78,35.1,37.5,98683856.0,2672183,65536
20111013,37.2,38.46,37.12,37.82,86009272.0,2270754,65536
20111014,37.6,37.7,36.5,36.88,69428624.0,1878524,65536
20111017,37.1,38.95,36.92,38.66,111035512.0,2897840,65536
20111018,38.11,38.7,37.0,37.05,83500080.0,2190731,65536
20111019,37.4,37.5,35.82,35.93,62049216.0,1706987,65536
20111020,35.2,35.87,34.24,34.55,59957488.0,1713291,65536
20111021,35.15,36.3,34.39,34.67,77639536.0,2195059,65536
20111024,35.0,36.39,34.53,36.31,70256000.0,1981450,65536
20111025,37.03,37.91,36.58,37.23,105208512.0,2816845,65536
20111026,36.85,38.36,36.78,37.08,88079080.0,2334216,65536
20111027,37.19,38.1,36.9,37.8,64396788.0,1714997,65536
20111028,38.3,38.55,37.56,38.2,70495080.0,1856681,65536
20111031,38.05,38.8,37.77,38.54,75221704.0,1960500,65536
20111101,38.08,38.75,37.41,37.7,84566488.0,2223613,65536
20111102,37.1,39.18,36.91,39.18,91585424.0,2420477,65536
20111103,39.3,40.17,38.4,38.44,100803896.0,2563266,65536
20111104,38.6,39.14,38.0,38.8,58181324.0,1510912,65536
20111107,38.49,39.48,38.44,39.0,50878844.0,1303659,65536
20111108,38.89,39.58,38.78,38.95,54989324.0,1403510,65536
20111109,38.95,39.53,38.6,39.41,86480016.0,2211074,65536
20111110,39.01,39.5,38.91,39.12,72327840.0,1843972,65536
20111111,39.1,39.44,38.31,39.01,63827812.0,1640857,65536
20111114,39.16,40.25,39.11,40.22,80431000.0,2020710,65536
20111115,39.99,40.15,39.61,39.9,40142664.0,1007611,65536
20111116,40.1,40.29,38.03,38.49,53424720.0,1370619,65536
20111117,38.4,39.36,38.19,38.9,66165168.0,1708553,65536
20111118,38.45,39.23,36.89,37.5,73866920.0,1967789,65536
20111121,37.4,37.75,36.71,37.0,23554338.0,635264,65536
20111122,36.61,37.36,36.55,37.13,28283984.0,764272,65536
20111123,37.25,38.38,37.06,37.79,63914720.0,1694818,65536
20111124,37.1,37.8,37.1,37.36,42311812.0,1130432,65536
20111125,37.2,37.43,36.03,36.45,77516640.0,2123017,65536
20111128,36.25,36.47,35.8,36.0,39388552.0,1092775,65536
20111129,36.5,37.17,36.2,36.62,35340544.0,966330,65536
20111130,36.8,37.5,34.83,35.4,113633152.0,3122212,65536
20111201,36.5,36.78,35.75,35.77,86343584.0,2380738,65536
20111202,35.77,35.79,34.79,35.2,64053712.0,1823210,65536
20111205,35.2,35.2,33.51,34.36,56916260.0,1666128,65536
20111206,33.88,34.3,33.65,34.13,27818812.0,818264,65536
20111207,33.91,34.45,33.88,34.22,20352584.0,594902,65536
20111208,34.22,34.22,32.63,33.41,51310260.0,1534927,65536
20111209,33.1,33.88,32.05,33.28,55800600.0,1691702,65536
20111212,33.18,34.93,33.01,33.53,46105384.0,1357739,65536
20111213,33.23,33.52,32.55,32.98,28285640.0,857707,65536
20111214,32.8,33.45,32.42,32.49,24161242.0,734595,65536
20111215,32.45,33.89,31.91,32.06,53937720.0,1660128,65536
20111216,32.18,32.74,31.52,32.68,37005872.0,1154378,65536
20111219,32.29,32.3,31.08,31.85,51579984.0,1630452,65536
20111220,31.8,32.5,31.65,31.85,50183220.0,1559418,65536
20111221,32.26,32.35,30.51,30.57,46083968.0,1456851,65536
20111222,30.01,30.17,29.0,29.72,42390384.0,1425352,65536
20111223,29.7,30.15,29.55,29.86,22579842.0,755881,65536
20111226,30.4,30.4,29.39,29.81,18009642.0,601862,65536
20111227,30.0,30.0,28.53,28.6,28998106.0,997402,65536
20111228,28.44,28.44,27.41,28.0,25895764.0,929820,65536
20111229,28.0,28.27,27.77,28.0,19703866.0,703277,65536
20111230,28.0,28.65,28.0,28.52,30886072.0,1085913,65536
20120104,28.55,28.94,28.18,28.18,34001856.0,1187455,65536
20120105,28.02,28.02,26.02,26.2,27567630.0,1020460,65536
20120106,26.29,26.5,24.85,26.48,38222208.0,1500450,65536
20120109,26.25,28.18,25.95,27.55,43341648.0,1593629,65536
20120110,27.69,28.83,27.5,28.5,45984684.0,1626727,65536
20120111,28.35,28.95,28.05,28.39,30934016.0,1086734,65536
20120112,28.29,28.58,27.73,27.81,27907750.0,993872,65536
20120113,27.89,28.22,26.65,26.72,33170056.0,1212474,65536
20120116,26.53,26.66,25.0,25.3,26892786.0,1041074,65536
20120117,25.51,26.83,24.9,26.77,25159652.0,971108,65536
20120118,26.68,26.92,25.11,25.23,23801542.0,913322,65536
20120119,25.0,26.6,24.95,26.29,25072696.0,967050,65536
20120120,26.07,27.58,26.07,27.19,31652604.0,1172885,65536
20120130,27.4,27.88,27.1,27.15,31026250.0,1127608,65536
20120131,27.15,27.96,26.91,27.75,25794984.0,937994,65536
20120201,27.74,28.47,27.4,28.23,28781476.0,1024105,65536
20120202,28.1,28.37,27.8,28.32,20335274.0,724805,65536
20120203,28.19,28.48,27.99,28.28,57348044.0,2040751,65536
20120206,28.5,29.96,28.3,29.6,66793176.0,2297716,65536
20120207,29.41,29.96,28.8,29.86,61706012.0,2098409,65536
20120208,29.8,30.25,29.51,30.19,33969340.0,1134791,65536
20120209,30.39,30.8,30.03,30.7,39985172.0,1310311,65536
20120210,30.6,31.43,30.5,31.36,37841108.0,1219913,65536
20120213,31.42,32.25,30.9,32.1,46584668.0,1474805,65536
20120214,32.11,33.3,31.9,32.7,76981720.0,2348196,65536
20120215,32.6,33.0,32.0,32.46,47641724.0,1466619,65536
20120216,32.46,33.27,31.4,31.66,41324460.0,1283827,65536
20120217,31.9,32.2,31.0,31.29,43110776.0,1368820,65536
20120220,31.53,31.9,31.23,31.46,33890480.0,1074070,65536
20120221,31.0,32.98,31.0,32.96,40885716.0,1271184,65536
20120222,32.7,33.48,32.5,33.0,64617924.0,1953518,65536
20120223,33.1,33.83,33.0,33.8,50721992.0,1522839,65536
20120224,33.91,33.93,33.08,33.5,33823408.0,1009468,65536
20120227,33.46,34.15,33.35,33.89,42586408.0,1262792,65536
20120228,33.71,33.85,32.78,33.1,35391124.0,1065369,65536
20120229,33.97,33.97,31.9,31.96,32510792.0,998354,65536
20120301,31.95,32.49,31.8,32.14,24001364.0,746807,65536
20120302,32.13,32.55,31.95,32.4,24434044.0,757012,65536
20120305,32.4,32.63,31.16,31.25,56610696.0,1783016,65536
20120306,31.21,31.59,30.8,31.31,40750240.0,1307951,65536
20120307,31.15,31.82,31.01,31.81,54446236.0,1727051,65536
20120308,31.95,33.1,31.75,32.72,57681632.0,1773414,65536
20120309,32.92,33.48,32.66,33.45,36340620.0,1098596,65536
20120312,34.0,34.53,33.4,34.02,57578028.0,1699762,65536
20120313,34.0,35.49,33.53,35.4,58540504.0,1691241,65536
20120314,35.55,35.65,33.61,34.0,78438048.0,2269752,65536
20120315,33.5,35.18,33.5,34.65,64327476.0,1870257,65536
20120316,34.52,35.95,34.52,35.87,45335076.0,1287493,65536
20120319,36.18,36.18,35.4,35.94,40481776.0,1131402,65536
20120320,36.05,36.05,33.8,33.99,54218488.0,1558364,65536
20120321,34.0,34.3,32.88,33.49,62082472.0,1858068,65536
20120322,33.49,34.97,33.25,34.66,47099676.0,1381960,65536
20120323,34.85,36.44,34.51,36.0,204638464.0,5727780,65536
20120327,37.05,37.72,36.39,36.61,152277072.0,4113314,65536
20120328,36.3,37.09,35.76,36.07,71535456.0,1963027,65536
20120329,36.06,36.2,34.58,35.48,62410552.0,1760276,65536
20120330,35.48,36.79,35.44,36.5,53045268.0,1461495,65536
20120405,36.48,38.99,36.0,38.41,69237880.0,1831534,65536
20120406,38.2,38.49,37.6,38.23,47438828.0,1245795,65536
20120409,38.0,38.75,37.52,37.92,53104720.0,1394374,65536
20120410,37.6,38.48,36.6,38.46,52148960.0,1390275,65536
20120411,37.9,39.1,37.66,38.2,47962232.0,1249652,65536
20120412,38.1,38.3,37.38,37.89,47154468.0,1244287,65536
20120413,37.89,39.0,37.89,38.6,44065740.0,1142806,65536
20120417,37.9,37.9,36.51,37.1,66588240.0,1790205,65536
20120418,37.12,37.4,36.85,37.04,43254360.0,1167353,65536
20120419,37.07,37.46,35.87,36.3,47099536.0,1293945,65536
20120420,36.3,36.68,35.93,36.39,33511262.0,922790,65536
20120423,36.38,37.43,36.0,37.3,39832048.0,1082868,65536
20120424,37.23,37.23,35.0,36.95,39710740.0,1099538,65536
20120425,35.8,36.28,34.9,35.06,50253172.0,1423810,65536
20120426,34.97,35.38,34.7,35.34,20419288.0,582334,65536
20120427,35.32,35.46,34.82,34.85,20086212.0,571378,65536
20120502,35.13,37.2,35.13,36.6,37340652.0,1034912,65536
20120503,36.89,37.25,36.54,36.92,30713232.0,832446,65536
20120504,36.92,37.0,36.6,36.97,20390622.0,553822,65536
20120507,36.99,37.59,36.72,37.36,39931124.0,1073935,65536
20120508,37.49,37.9,36.5,36.61,28376726.0,768119,65536
20120509,36.3,36.36,35.45,35.45,26426068.0,740169,65536
20120511,36.6,37.4,36.1,36.89,61852140.0,1677004,65536
20120514,36.89,39.08,36.69,38.2,89689216.0,2359567,65536
20120515,38.0,38.2,37.01,38.01,25009974.0,664022,65536
20120516,38.01,38.01,37.13,37.13,19334720.0,516317,65536
20120517,37.11,37.6,36.83,37.19,19403068.0,522128,65536
20120518,37.19,37.28,36.1,36.26,16210383.0,442099,65536
20120521,35.96,38.6,35.96,36.78,11922464.0,321566,65536
20120522,37.4,37.58,36.81,37.16,11959602.0,322127,65536
20120523,36.93,38.1,36.88,37.77,21605624.0,576850,65536
20120524,37.58,38.48,37.15,37.33,33372712.0,878733,65536
20120525,37.15,37.34,36.1,36.28,33844136.0,924001,65536
20120528,36.45,37.0,35.75,36.95,18750220.0,517019,65536
20120529,36.93,37.9,36.55,37.34,36030276.0,966954,65536
20120530,37.33,38.3,37.06,38.04,39309224.0,1037089,65536
20120531,37.85,39.37,37.81,39.07,50916112.0,1311644,65536
20120601,39.01,41.11,39.0,40.38,69456072.0,1731845,65536
20120604,39.88,40.29,38.85,39.05,73639576.0,1862371,65536
20120605,39.02,39.38,37.45,37.5,73042136.0,1909111,65536
20120606,37.99,39.26,37.5,39.0,61961088.0,1603396,65536
20120607,39.06,39.99,37.1,38.2,47874976.0,1230280,65536
20120608,38.2,38.51,37.58,37.75,28501266.0,751211,65536
20120611,37.51,39.5,37.51,39.35,36417900.0,940022,65536
20120612,39.1,40.36,38.9,40.3,40594040.0,1021621,65536
20120613,40.25,41.28,39.8,40.6,43965428.0,1083347,65536
20120614,40.62,41.19,39.43,39.51,33789600.0,838270,65536
20120615,39.69,40.42,38.8,39.13,26499006.0,672767,65536
20120618,39.34,40.37,39.33,40.0,30125098.0,754171,65536
20120619,40.12,40.35,38.46,38.58,71565384.0,1830928,65536
20120620,38.59,38.89,38.12,38.79,46668812.0,1215253,65536
20120621,38.67,39.15,38.0,38.8,39180236.0,1018051,65536
20120625,38.75,39.15,37.74,37.86,41408864.0,1078657,65536
20120626,37.5,37.96,37.2,37.72,29805622.0,793666,65536
20120627,37.72,38.08,36.3,36.3,85517344.0,2306668,65536
20120628,36.17,37.1,36.15,36.46,42611040.0,1162822,65536
20120629,36.2,36.7,36.04,36.4,37219704.0,1023914,65536
20120702,36.5,37.74,36.5,37.26,45476720.0,1222293,65536
20120703,37.5,38.31,37.11,38.0,50355056.0,1331526,65536
20120704,37.95,38.1,36.4,36.8,49925664.0,1347745,65536
20120705,36.48,36.56,34.78,35.45,85918168.0,2426659,65536
20120706,35.48,36.5,34.86,36.46,68376440.0,1925520,65536
20120709,36.15,36.53,35.03,35.6,79940128.0,2230107,65536
20120710,35.4,35.6,34.48,35.0,45779400.0,1308991,65536
20120711,34.78,35.45,34.4,35.31,28525030.0,817984,65536
20120712,35.0,36.87,34.68,36.68,51158804.0,1421214,65536
20120713,36.51,36.85,36.19,36.3,14198329.0,390297,65536
20120716,36.0,36.02,34.9,35.5,53291340.0,1505941,65536
20120717,35.3,35.5,34.6,34.8,32691108.0,935705,65536
20120718,34.61,34.92,32.05,33.49,83488192.0,2519311,65536
20120719,32.62,34.39,32.56,33.5,36976156.0,1091264,65536
20120720,33.3,34.13,33.3,33.83,25456672.0,752577,65536
20120723,33.18,35.29,33.1,35.0,41213168.0,1183963,65536
20120724,34.31,35.57,34.31,35.35,11493413.0,327445,65536
20120725,35.01,35.49,34.88,35.04,15949921.0,453102,65536
20120726,35.04,35.58,35.0,35.15,25559444.0,723786,65536
20120727,35.3,36.0,34.9,35.43,25446924.0,717266,65536
20120730,35.2,35.45,34.2,34.21,9463924.0,271653,65536
20120731,34.21,34.8,33.17,34.5,22232518.0,654607,65536
20120801,34.4,36.16,34.4,35.69,30346626.0,858828,65536
20120802,35.66,36.19,35.2,36.17,17822102.0,497858,65536
20120803,35.96,36.5,35.96,36.48,17917986.0,493302,65536
20120806,36.36,36.68,35.81,36.5,38968472.0,1071762,65536
20120807,36.33,36.56,35.71,36.55,35774816.0,988701,65536
20120808,36.73,36.75,35.51,36.0,20275170.0,563570,65536
20120809,35.65,36.45,35.53,36.45,18438482.0,512062,65536
20120810,36.2,36.47,35.63,35.8,9458468.0,262992,65536
20120813,35.79,35.8,34.9,35.0,7268891.0,206029,65536
20120814,34.71,35.51,34.0,35.39,10342541.0,296787,65536
20120815,35.39,35.57,35.1,35.27,8688705.0,245918,65536
20120816,35.27,35.5,35.01,35.23,5343509.5,151619,65536
20120817,35.2,35.39,34.2,35.0,9698444.0,280409,65536
20120820,34.89,35.05,34.35,34.82,11647909.0,336472,65536
20120821,34.51,35.25,34.0,35.25,23836996.0,683422,65536
20120822,35.24,35.99,34.5,35.88,29167790.0,832783,65536
20120823,35.5,35.85,35.31,35.4,12649943.0,355576,65536
20120824,35.2,35.4,34.58,34.58,22731140.0,652657,65536
20120827,34.53,34.53,32.28,32.36,20027200.0,603142,65536
20120828,32.49,32.7,32.0,32.04,19887910.0,613804,65536
20120829,32.3,32.5,31.8,32.31,11990220.0,372164,65536
20120830,32.32,32.55,30.8,31.9,17619238.0,559157,65536
20120831,31.6,31.6,29.99,30.7,62576840.0,2050707,65536
20120903,30.57,31.49,30.08,31.25,26821676.0,862480,65536
20120904,31.25,32.29,31.25,31.61,26459374.0,828972,65536
20120905,31.62,31.8,31.0,31.2,12092793.0,385826,65536
20120906,31.43,31.54,31.08,31.25,9068423.0,290388,65536
20120907,31.27,33.19,31.27,32.7,26495420.0,812592,65536
20120910,32.65,33.46,32.51,33.4,28026468.0,847116,65536
20120911,33.32,33.32,32.65,32.98,13169266.0,400717,65536
20120912,33.15,33.5,32.7,33.25,9586196.0,289957,65536
20120913,33.1,33.5,33.0,33.05,12256108.0,369009,65536
20120914,33.31,33.48,31.75,32.75,19612940.0,600501,65536
20120917,32.7,32.7,31.83,31.83,13432611.0,417851,65536
20120918,31.69,31.82,30.61,30.82,13255929.0,425485,65536
20120919,30.85,31.13,30.57,30.83,6087274.5,197471,65536
20120920,30.79,30.83,29.8,29.95,11756527.0,389997,65536
20120921,30.44,30.44,29.15,29.7,13363206.0,452190,65536
20120924,29.67,29.75,29.0,29.56,15287119.0,516919,65536
20120925,29.69,29.79,29.56,29.7,8987067.0,303137,65536
20120926,29.5,29.9,28.88,29.15,5534421.5,188462,65536
20120927,29.15,30.16,29.15,29.97,7315105.5,246174,65536
20120928,29.97,30.9,29.7,30.68,9522667.0,312581,65536
20121008,30.45,31.75,30.45,31.36,18760970.0,598711,65536
20121009,31.36,31.73,31.18,31.56,15759385.0,500453,65536
20121010,31.58,32.69,31.58,32.49,25834956.0,799843,65536
20121011,32.4,32.56,31.78,32.01,10306196.0,319984,65536
20121012,32.14,33.54,31.2,31.79,29088526.0,912227,65536
20121015,31.43,32.41,31.18,31.79,13499902.0,429815,65536
20121016,31.4,31.99,31.24,31.38,21899268.0,696555,65536
20121017,31.39,31.58,30.68,31.1,20643462.0,666439,65536
20121018,31.36,31.58,30.9,31.5,30252826.0,969949,65536
20121019,31.46,31.58,31.17,31.18,10540912.0,335846,65536
20121022,31.01,31.52,31.01,31.49,10245462.0,327435,65536
20121023,31.59,31.62,29.01,29.25,69484592.0,2324801,65536
20121024,28.91,29.39,28.91,29.08,25309428.0,868536,65536
20121025,29.27,29.27,28.17,28.4,24423306.0,851942,65536
20121026,28.35,28.45,27.41,27.49,19804698.0,714323,65536
20121029,27.58,27.77,26.96,27.38,24211646.0,883885,65536
20121030,27.49,28.0,27.4,27.75,23882078.0,861390,65536
20121031,28.0,28.0,27.05,27.39,12167274.0,441696,65536
20121101,27.49,28.18,27.4,27.95,39920992.0,1433418,65536
20121102,27.98,28.1,27.75,27.82,18866696.0,677144,65536
20121105,27.82,28.29,27.82,28.18,35317884.0,1256227,65536
20121106,28.17,28.19,27.4,27.63,27110176.0,975913,65536
20121107,27.96,27.96,27.11,27.4,21648340.0,789401,65536
20121108,27.2,27.2,26.08,26.1,20478196.0,771402,65536
20121109,25.84,26.49,25.8,26.08,12904540.0,493515,65536
20121112,26.08,26.23,25.87,26.18,5757918.5,220525,65536
20121113,26.19,26.38,25.7,25.85,11491384.0,442725,65536
20121114,25.65,25.91,25.3,25.73,9798706.0,382454,65536
20121115,25.68,25.68,24.21,24.56,34204076.0,1383709,65536
20121116,24.44,24.45,23.6,24.04,45118452.0,1889562,65536
20121119,23.99,24.1,23.61,23.8,12803674.0,536285,65536
20121120,23.92,24.03,23.24,23.41,19808690.0,838758,65536
20121121,23.36,23.65,22.49,23.28,26449014.0,1147322,65536
20121122,23.13,23.13,22.33,22.5,30351050.0,1343177,65536
20121123,22.5,23.75,22.41,23.6,46657228.0,2015227,65536
20121126,23.46,23.59,23.09,23.16,18286088.0,782939,65536
20121127,22.99,22.99,22.04,22.26,31550624.0,1414946,65536
20121128,22.04,22.19,21.13,21.18,24491760.0,1132563,65536
20121129,21.25,21.85,20.85,20.88,24399470.0,1144641,65536
20121130,20.99,21.35,20.7,20.9,28975194.0,1378235,65536
20121203,20.9,21.2,20.53,20.68,12798045.0,609432,65536
20121204,20.68,21.71,20.57,21.65,32391278.0,1539238,65536
20121205,21.51,22.78,21.51,22.21,42523036.0,1903475,65536
20121206,22.21,22.54,21.86,21.99,20460268.0,922157,65536
20121207,22.0,22.78,21.75,22.56,27969394.0,1249074,65536
20121210,22.59,23.68,22.56,23.5,41827640.0,1802553,65536
20121211,23.6,24.55,23.11,23.98,44424180.0,1854366,65536
20121212,23.92,24.1,23.34,23.6,37122216.0,1567606,65536
20121213,23.58,23.58,22.45,22.55,67085312.0,2944013,65536
20121214,22.48,23.73,22.41,23.31,88528472.0,3808680,65536
20121217,23.35,24.2,23.27,23.75,76204904.0,3209672,65536
20121218,23.73,24.13,23.37,23.4,60533040.0,2540924,65536
20121219,23.36,23.97,23.28,23.91,30956800.0,1306725,65536
20121220,23.8,24.99,23.72,24.99,78627136.0,3199815,65536
20121221,25.0,26.22,25.0,25.78,73216136.0,2851054,65536
20121224,25.8,26.49,25.68,26.23,74307072.0,2842484,65536
20121225,26.21,26.97,25.83,26.89,64768944.0,2442781,65536
20121226,26.87,28.39,26.62,28.03,67677744.0,2429880,65536
20121227,28.37,28.7,27.04,27.35,75012464.0,2717568,65536
20121228,27.21,27.73,26.6,27.42,64298608.0,2359920,65536
20121231,27.4,28.14,26.93,27.5,62971140.0,2284662,65536
20130104,27.69,27.89,26.56,27.09,45853824.0,1695539,65536
20130107,26.91,27.98,26.79,27.94,56697632.0,2060119,65536
20130108,28.0,28.49,27.55,28.1,59128572.0,2104618,65536
20130109,28.08,28.38,27.42,27.79,53889680.0,1933889,65536
20130110,27.79,28.08,27.03,27.27,42584636.0,1543231,65536
20130111,26.2,26.47,25.8,26.08,148335872.0,5688564,65536
20130114,25.79,26.69,25.66,26.6,89910280.0,3426272,65536
20130115,26.65,27.0,26.51,26.99,102602840.0,3831626,65536
20130116,26.9,27.59,26.2,26.65,70317576.0,2603697,65536
20130117,26.58,26.58,25.82,25.88,44565772.0,1704620,65536
20130118,25.92,26.37,25.76,26.31,42901532.0,1641586,65536
20130121,26.23,27.19,26.0,27.16,62037660.0,2336672,65536
20130122,27.15,27.15,25.63,25.94,72458776.0,2737788,65536
20130123,25.94,26.18,25.23,25.72,42199076.0,1644651,65536
20130124,25.71,26.05,24.57,24.89,51743564.0,2040755,65536
20130125,24.85,24.99,24.55,24.92,23124954.0,933694,65536
20130128,24.84,25.48,24.83,25.47,24131082.0,956397,65536
20130129,25.2,26.37,25.2,26.01,41716084.0,1610462,65536
20130130,26.02,26.66,25.89,26.34,55894140.0,2127255,65536
20130131,26.47,26.47,25.85,26.0,27656964.0,1060627,65536
20130201,26.01,26.26,25.69,25.98,19059880.0,735290,65536
20130204,25.98,26.05,25.08,25.17,29124554.0,1148117,65536
20130205,25.1,25.96,25.1,25.47,38370764.0,1504335,65536
20130206,25.48,26.53,25.4,26.36,85840680.0,3282638,65536
20130207,26.43,26.68,26.25,26.57,46356860.0,1750007,65536
20130208,26.57,27.77,26.51,27.65,91653400.0,3360533,65536
20130218,27.7,27.8,27.03,27.58,69647768.0,2552348,65536
20130219,27.5,27.5,26.59,26.65,39017844.0,1448128,65536
20130220,26.76,28.24,26.68,28.22,69782744.0,2528177,65536
20130221,28.0,28.0,27.34,27.7,56180676.0,2031231,65536
20130222,27.7,28.16,27.32,27.8,49451704.0,1781213,65536
20130225,27.82,28.92,27.82,28.09,63537244.0,2249115,65536
20130226,27.8,28.0,26.85,27.28,48242196.0,1757107,65536
20130227,27.0,27.2,26.21,26.7,55036160.0,2066940,65536
20130228,26.73,27.08,26.31,27.04,41010252.0,1530322,65536
20130301,27.0,27.88,26.8,27.43,49535164.0,1808823,65536
20130304,27.3,27.3,25.75,26.23,53279252.0,2013875,65536
20130305,26.05,26.52,26.05,26.46,28994830.0,1100559,65536
20130306,26.53,27.1,26.53,26.75,51319312.0,1912346,65536
20130307,26.71,26.97,25.75,25.82,68023296.0,2580441,65536
20130308,25.81,26.16,25.5,25.63,38119536.0,1473402,65536
20130311,25.74,25.87,25.5,25.71,26370276.0,1028542,65536
20130312,25.7,26.9,25.61,26.14,69886472.0,2669667,65536
20130313,26.22,26.29,23.53,23.6,117500184.0,4848656,65536
20130314,23.55,23.8,23.32,23.66,51064560.0,2163491,65536
20130315,23.35,23.47,22.82,22.93,77894832.0,3363191,65536
20130318,22.74,22.96,22.61,22.85,62640024.0,2753541,65536
20130319,22.87,23.34,22.87,23.08,58230144.0,2519884,65536
20130320,23.1,23.85,23.1,23.74,57484984.0,2449235,65536
20130321,23.72,23.97,23.3,23.42,64669824.0,2728137,65536
20130322,23.42,23.7,22.8,23.08,66755664.0,2877022,65536
20130325,24.13,25.39,23.71,25.39,321819648.0,12978520,65536
20130326,25.1,27.1,24.81,26.1,449825696.0,17201336,65536
20130327,25.93,25.93,25.0,25.22,173685920.0,6841025,65536
20130328,24.95,24.95,24.1,24.35,112888176.0,4619313,65536
20130329,24.45,25.78,24.45,25.24,146174304.0,5799700,65536
20130401,24.9,24.9,23.78,24.16,107327048.0,4443286,65536
20130402,23.96,24.65,23.51,24.25,85691632.0,3555036,65536
20130403,24.0,24.15,23.13,23.2,66979460.0,2841280,65536
20130408,22.5,22.97,21.6,22.5,47750612.0,2138028,65536
20130409,22.42,23.08,22.42,22.73,26398580.0,1155168,65536
20130410,22.74,23.06,22.46,22.72,27596546.0,1210709,65536
20130411,22.8,23.19,22.75,23.03,31061406.0,1349181,65536
20130412,23.0,23.36,22.82,22.83,24369480.0,1056693,65536
20130415,22.72,22.82,22.0,22.2,22647690.0,1020492,65536
20130416,22.08,22.35,21.62,22.33,19258024.0,875081,65536
20130417,22.35,23.36,22.35,23.12,35870500.0,1561261,65536
20130418,22.83,23.28,22.83,22.9,23386304.0,1013453,65536
20130419,22.9,23.54,22.9,23.42,27191570.0,1163670,65536
20130422,23.34,24.1,23.13,23.65,40334740.0,1710503,65536
20130423,23.1,23.1,21.96,22.07,32161224.0,1429929,65536
20130424,22.08,23.26,22.08,22.96,31837884.0,1394025,65536
20130425,23.5,24.12,23.22,23.88,76749984.0,3228649,65536
20130426,23.65,23.93,23.25,23.58,25814572.0,1093663,65536
20130502,23.59,23.66,22.9,23.15,29008982.0,1251644,65536
20130503,23.15,24.0,23.15,23.86,33208518.0,1403446,65536
20130506,23.9,24.44,23.71,24.26,50363596.0,2084543,65536
20130507,24.18,24.34,24.02,24.15,24170430.0,1001105,65536
20130508,24.19,24.43,24.12,24.31,32721382.0,1349192,65536
20130509,24.37,24.89,24.17,24.46,57392548.0,2341801,65536
20130510,24.46,25.9,24.41,25.69,99332408.0,3910497,65536
20130513,25.76,26.68,25.45,26.0,85139096.0,3270258,65536
20130514,26.0,26.0,25.03,25.1,60854428.0,2395533,65536
20130515,25.12,25.9,24.88,25.84,64985588.0,2569678,65536
20130516,25.7,26.36,25.54,26.02,69606904.0,2687061,65536
20130517,26.1,26.65,25.75,26.16,77394928.0,2940093,65536
20130520,26.18,26.49,25.73,26.1,76359976.0,2930623,65536
20130521,25.94,26.46,25.83,26.4,82850184.0,3159836,65536
20130522,26.4,26.86,26.13,26.39,70592280.0,2662050,65536
20130523,26.14,26.7,25.12,25.34,124883336.0,4829799,65536
20130524,25.12,25.88,25.06,25.76,74202152.0,2915245,65536
20130527,25.86,26.72,25.78,26.61,108907888.0,4123036,65536
20130528,26.7,26.83,26.12,26.61,69777136.0,2627223,65536
20130529,26.62,26.72,26.3,26.42,58842108.0,2224202,65536
20130530,26.31,27.09,26.31,26.83,78218144.0,2917534,65536
20130531,26.99,28.1,26.98,27.56,136197296.0,4929789,65536
20130603,27.49,27.75,26.65,26.84,87625672.0,3237254,65536
20130604,26.7,26.7,25.37,25.53,85495088.0,3300025,65536
20130605,25.5,25.7,25.19,25.4,42356344.0,1668510,65536
20130606,25.3,25.57,24.58,24.8,58627664.0,2347313,65536
20130607,24.86,24.98,24.02,24.3,32635904.0,1332103,65536
20130613,24.1,24.1,22.81,23.39,40722180.0,1745514,65536
20130614,23.39,24.0,23.39,23.8,34305116.0,1453046,65536
20130617,23.8,24.4,23.62,24.04,45117040.0,1875112,65536
20130618,24.2,24.2,23.57,23.71,25347992.0,1063988,65536
20130619,23.59,23.59,22.77,23.11,50079328.0,2178251,65536
20130620,22.96,23.19,22.4,22.54,28147870.0,1236243,65536
20130621,22.18,22.52,21.5,22.4,30462694.0,1371794,65536
20130624,22.36,22.39,20.7,20.7,37832492.0,1767647,65536
20130625,20.24,20.95,19.18,20.41,44991288.0,2242500,65536
20130626,20.41,21.15,20.21,20.89,39066112.0,1885159,65536
20130627,21.02,21.34,20.31,20.35,37387696.0,1790391,65536
20130628,20.15,20.9,19.8,20.36,25380258.0,1240657,65536
20130701,20.4,20.99,20.36,20.93,26321466.0,1270316,65536
20130702,20.99,21.65,20.77,21.56,38224432.0,1796577,65536
20130703,21.49,21.49,20.8,21.21,30549256.0,1444988,65536
20130704,21.14,21.66,20.88,21.36,30986758.0,1455935,65536
20130705,21.5,21.72,21.27,21.33,34068400.0,1584876,65536
20130708,21.1,21.15,20.12,20.15,28193304.0,1379996,65536
20130709,20.15,20.5,20.15,20.36,12271114.0,603377,65536
20130710,20.35,20.88,20.28,20.84,23905996.0,1163212,65536
20130711,20.93,21.85,20.75,21.59,42548220.0,1987420,65536
20130712,21.5,21.87,21.14,21.23,33976936.0,1577205,65536
20130715,21.24,22.19,21.23,21.98,39709680.0,1819345,65536
20130716,22.09,22.59,21.8,22.53,43704548.0,1961508,65536
20130717,22.48,22.5,21.86,21.86,33438628.0,1503428,65536
20130718,21.75,22.15,21.7,21.79,26622152.0,1219394,65536
20130719,21.78,22.06,21.35,21.35,26087016.0,1204297,65536
20130722,21.3,21.6,20.91,21.57,13542817.0,635015,65536
20130723,21.57,22.7,21.57,22.6,52602612.0,2350724,65536
20130724,22.6,22.6,22.02,22.45,34271056.0,1535056,65536
20130725,22.45,22.88,22.19,22.52,43613400.0,1937084,65536
20130726,22.41,22.59,21.91,22.3,26454834.0,1187771,65536
20130729,22.29,22.3,21.45,21.54,27579264.0,1262911,65536
20130730,21.55,21.76,21.13,21.57,31294862.0,1459848,65536
20130731,21.61,21.83,21.5,21.61,29352274.0,1354184,65536
20130801,21.63,22.44,21.62,22.3,28887304.0,1305206,65536
20130802,22.31,23.38,22.3,22.48,50177016.0,2198366,65536
20130805,22.55,23.18,22.54,22.95,36191260.0,1573996,65536
20130806,23.03,23.88,22.95,23.7,44254812.0,1886391,65536
20130807,23.6,24.6,23.46,23.9,73526152.0,3044972,65536
20130808,23.91,24.1,23.32,23.32,49368420.0,2089332,65536
20130809,23.41,23.82,22.82,23.35,34416708.0,1476711,65536
20130812,23.4,23.75,23.35,23.72,43051996.0,1827816,65536
20130813,23.74,23.93,23.37,23.53,32339338.0,1374094,65536
20130814,23.52,23.65,23.08,23.29,35654760.0,1529188,65536
20130815,23.29,23.4,23.14,23.19,18807534.0,807912,65536
20130816,23.1,23.42,22.4,22.46,32934314.0,1431819,65536
20130819,22.26,22.98,22.11,22.83,25797368.0,1139651,65536
20130820,23.05,24.12,23.05,23.7,77986440.0,3294260,65536
20130821,23.75,24.08,23.38,23.95,43697868.0,1835963,65536
20130822,23.9,24.16,23.71,23.86,25613642.0,1071377,65536
20130823,23.95,24.02,22.8,23.32,50382628.0,2154487,65536
20130826,23.32,23.81,23.17,23.6,33090142.0,1405023,65536
20130827,23.54,24.1,23.38,24.0,49019168.0,2054841,65536
20130828,23.85,23.88,23.35,23.35,47020008.0,1996916,65536
20130829,23.31,23.93,23.31,23.62,35049048.0,1480473,65536
20130830,23.57,24.06,23.45,23.68,45749740.0,1923190,65536
20130902,23.63,24.5,23.61,24.43,59043084.0,2437654,65536
20130903,24.4,24.83,24.24,24.76,54522652.0,2211004,65536
20130904,24.76,24.85,24.36,24.6,38984660.0,1582049,65536
20130905,24.56,25.49,24.54,25.43,69006168.0,2743280,65536
20130906,25.41,25.5,25.02,25.3,48147888.0,1905159,65536
20130909,25.15,25.38,24.68,25.03,56464420.0,2258142,65536
20130910,25.0,25.08,24.7,25.05,30583230.0,1230529,65536
20130911,25.02,25.44,24.41,24.81,47030644.0,1884765,65536
20130912,24.89,25.35,24.66,25.18,33741812.0,1343766,65536
20130913,25.18,26.1,25.08,26.0,54125776.0,2095483,65536
20130916,25.66,26.38,25.5,26.01,46685344.0,1803421,65536
20130917,26.06,26.18,25.35,25.41,22463154.0,871399,65536
20130918,25.5,25.71,25.38,25.49,22729178.0,890952,65536
20130923,25.52,25.61,25.22,25.61,33726488.0,1324390,65536
20130924,25.78,25.81,24.82,24.9,37840808.0,1510228,65536
20130925,24.92,25.85,24.71,25.0,57373708.0,2264684,65536
20130926,25.01,25.35,24.68,24.74,24175478.0,970356,65536
20130927,24.75,24.8,23.91,24.11,32812640.0,1350547,65536
20130930,24.11,24.3,23.9,24.1,23052884.0,958103,65536
20131008,24.11,24.95,24.01,24.88,25447564.0,1032227,65536
20131009,24.97,24.98,24.3,24.61,34039020.0,1383843,65536
20131010,24.65,24.72,23.99,24.07,43802916.0,1806916,65536
20131011,24.3,26.48,24.3,26.48,96063112.0,3771271,65536
20131014,26.3,26.92,25.88,26.56,93946680.0,3550133,65536
20131015,26.5,26.87,26.19,26.39,66643300.0,2505535,65536
20131016,26.35,26.36,25.2,25.37,45269032.0,1766199,65536
20131017,25.37,26.37,25.37,25.49,42381544.0,1638853,65536
20131018,25.5,25.62,24.97,25.62,34924484.0,1383811,65536
20131021,25.77,26.8,25.67,26.59,59304224.0,2241249,65536
20131022,26.77,27.74,26.3,26.65,84002920.0,3101140,65536
20131023,26.62,27.18,25.62,26.77,57280932.0,2168319,65536
20131024,26.77,27.13,25.68,25.7,39841064.0,1519311,65536
20131025,25.69,25.69,23.84,23.93,115754552.0,4766505,65536
20131028,23.96,25.85,23.6,24.4,46508896.0,1918265,65536
20131029,24.26,24.58,22.62,23.35,47852784.0,2030847,65536
20131030,23.32,23.65,23.1,23.65,34046236.0,1459369,65536
20131031,23.7,24.1,23.12,23.12,41448048.0,1742040,65536
20131101,23.08,23.54,22.9,23.29,26049732.0,1123966,65536
20131104,23.28,23.5,23.15,23.36,22666518.0,972504,65536
20131105,23.82,24.09,23.44,23.75,64729908.0,2726081,65536
20131106,23.8,23.93,23.53,23.54,27078282.0,1145035,65536
20131107,23.63,23.63,22.92,23.05,24660494.0,1058872,65536
20131108,23.05,23.05,22.32,22.4,23825130.0,1054808,65536
20131111,22.49,22.97,22.13,22.9,26010510.0,1146278,65536
20131112,22.83,23.38,22.77,23.28,22475678.0,969650,65536
20131113,23.05,23.3,22.9,22.93,32550166.0,1412645,65536
20131114,22.93,24.09,22.92,24.04,54974960.0,2308579,65536
20131115,24.25,25.18,24.25,24.79,79384792.0,3203526,65536
20131118,25.23,25.79,24.83,25.46,101899192.0,4012451,65536
20131119,25.5,26.05,25.28,25.49,78144528.0,3052185,65536
20131120,25.8,26.16,25.31,25.58,44086180.0,1720910,65536
20131121,25.5,25.73,25.0,25.32,67094608.0,2654179,65536
20131122,25.36,26.5,25.29,26.08,116667592.0,4465162,65536
20131125,26.06,26.75,25.95,26.53,89286472.0,3366787,65536
20131126,26.61,26.89,26.21,26.32,89049632.0,3351323,65536
20131127,26.22,26.58,25.93,26.1,89706296.0,3432235,65536
20131128,26.2,26.85,26.16,26.6,95633936.0,3595104,65536
20131129,26.76,29.0,26.76,28.42,218544480.0,7707709,65536
20131202,27.0,28.19,25.68,26.61,179449984.0,6618179,65536
20131203,26.2,28.71,26.2,28.68,167672528.0,6010956,65536
20131204,28.72,30.3,28.2,28.39,236921216.0,8036345,65536
20131205,28.2,30.19,28.05,29.8,195415296.0,6646744,65536
20131206,29.58,29.99,28.7,29.0,130359944.0,4425420,65536
20131209,28.77,30.3,28.58,30.15,128476008.0,4316228,65536
20131210,30.15,30.53,29.15,29.41,167178208.0,5617040,65536
20131211,29.1,29.39,28.08,28.55,122787312.0,4269912,65536
20131212,28.58,29.13,28.4,28.58,78006648.0,2717884,65536
20131213,28.3,29.09,28.01,28.8,76020184.0,2646984,65536
20131216,28.54,28.89,27.62,27.64,78622072.0,2803213,65536
20131217,27.6,28.08,27.12,27.55,47824340.0,1727303,65536
20131218,27.53,27.96,27.17,27.58,46529868.0,1693474,65536
20131219,27.63,28.08,27.3,27.34,48843704.0,1765287,65536
20131220,27.34,27.49,26.66,26.76,51260292.0,1897434,65536
20131223,26.88,26.88,25.8,26.46,48019704.0,1822552,65536
20131224,26.5,27.41,26.5,26.94,56494488.0,2092227,65536
20131225,27.35,28.45,27.1,28.32,101971504.0,3640380,65536
20131226,28.3,28.39,27.5,27.58,70568072.0,2530422,65536
20131227,27.6,28.44,27.6,28.22,68391104.0,2424236,65536
20131230,28.12,28.76,28.12,28.75,69443176.0,2431049,65536
20131231,28.65,28.65,27.01,27.98,72457296.0,2595139,65536
20140102,27.7,28.3,27.65,28.2,53232148.0,1901886,65536
20140103,28.18,28.18,27.2,27.25,69526384.0,2520742,65536
20140106,27.03,27.03,26.0,26.13,73588032.0,2779562,65536
20140107,26.02,26.65,25.88,26.25,41478024.0,1571675,65536
20140108,26.22,26.74,25.88,25.98,72007464.0,2747752,65536
20140109,25.8,26.41,25.46,25.5,50758328.0,1952206,65536
20140110,25.48,25.48,24.4,24.49,54751432.0,2211851,65536
20140113,24.5,24.75,24.1,24.3,33944148.0,1388390,65536
20140114,24.32,24.88,24.0,24.87,47399312.0,1934492,65536
20140115,24.8,25.15,24.52,25.1,45918772.0,1850215,65536
20140116,25.1,25.1,24.67,24.76,41992168.0,1688197,65536
20140117,24.63,24.97,24.18,24.2,38374536.0,1573525,65536
20140120,24.1,24.29,23.79,23.92,29258046.0,1218142,65536
20140121,23.98,24.48,23.94,24.4,30585664.0,1258379,65536
20140122,24.4,25.12,24.4,25.0,40513496.0,1629573,65536
20140123,25.09,25.42,25.02,25.22,56363500.0,2234279,65536
20140124,25.15,25.63,25.04,25.41,76812432.0,3031045,65536
20140127,25.28,25.29,24.88,24.88,61277308.0,2449058,65536
20140128,24.8,25.44,24.8,25.31,43895392.0,1748243,65536
20140129,25.3,25.46,25.14,25.35,29610536.0,1171094,65536
20140130,25.28,25.5,25.02,25.02,23701240.0,937544,65536
20140207,24.8,25.06,24.46,24.95,36847312.0,1490545,65536
20140210,25.2,25.95,25.09,25.94,73745448.0,2868269,65536
20140211,25.9,26.11,25.5,25.81,53791088.0,2082786,65536
20140212,25.9,26.3,25.67,26.24,60398676.0,2320710,65536
20140213,26.08,26.09,25.49,25.5,64769548.0,2511486,65536
20140214,25.5,26.29,25.5,26.29,70003560.0,2687469,65536
20140217,26.35,26.83,26.35,26.72,78436976.0,2948316,65536
20140218,26.64,26.64,26.3,26.41,60005908.0,2267092,65536
20140219,26.45,26.59,26.17,26.42,56664404.0,2147003,65536
20140220,26.42,26.56,25.66,25.73,69596224.0,2686210,65536
20140221,25.68,25.9,25.2,25.39,49973120.0,1957281,65536
20140224,25.37,25.37,24.8,25.15,36034304.0,1443002,65536
20140225,25.05,25.3,23.7,24.14,64792928.0,2615489,65536
20140226,23.9,24.26,23.65,24.09,34060828.0,1422793,65536
20140227,24.17,24.24,23.0,23.0,63184696.0,2680404,65536
20140228,23.01,23.1,22.28,22.95,60977604.0,2694642,65536
20140303,22.98,23.44,22.79,23.43,40252812.0,1737652,65536
20140304,23.35,23.35,22.86,23.15,36456264.0,1579351,65536
20140305,23.15,23.89,23.03,23.26,54025612.0,2303672,65536
20140306,23.28,23.49,22.88,23.39,31678384.0,1367069,65536
20140307,23.37,23.57,23.1,23.21,29851490.0,1278505,65536
20140310,23.21,23.21,22.05,22.12,33546544.0,1496142,65536
20140311,22.0,22.3,21.91,22.0,24548914.0,1110467,65536
20140312,22.1,22.29,21.77,21.92,25691294.0,1164814,65536
20140313,22.07,22.65,21.98,22.58,28875042.0,1292674,65536
20140314,22.52,22.6,22.25,22.57,17568724.0,784673,65536
20140317,22.58,23.2,22.58,23.17,27292096.0,1186383,65536
20140318,23.08,23.4,23.03,23.32,27884894.0,1199936,65536
20140319,23.37,23.69,23.0,23.65,31378574.0,1343070,65536
20140320,23.55,23.58,22.65,22.7,31869846.0,1375189,65536
20140321,22.67,23.27,22.3,23.23,33186002.0,1454993,65536
20140324,23.28,23.46,22.98,23.23,27467936.0,1183159,65536
20140325,23.25,23.25,22.87,22.95,24410724.0,1060649,65536
20140326,22.98,23.24,22.5,23.21,19851358.0,862324,65536
20140327,23.09,23.09,22.51,22.58,22363326.0,982721,65536
20140328,22.55,22.93,21.94,22.15,24033576.0,1075114,65536
20140331,22.24,22.24,21.28,21.31,36279996.0,1670785,65536
20140401,21.32,21.57,21.26,21.48,30086036.0,1404891,65536
20140402,21.5,21.56,21.02,21.2,47520148.0,2244892,65536
20140403,21.19,21.45,21.01,21.14,38083708.0,1796968,65536
20140404,21.05,21.45,21.02,21.45,21775870.0,1023348,65536
20140408,21.38,21.84,21.33,21.72,40489860.0,1869580,65536
20140409,21.83,21.95,21.7,21.83,25867582.0,1185255,65536
20140410,21.8,22.08,21.8,21.92,35872644.0,1632091,65536
20140411,21.9,22.32,21.8,22.11,30934324.0,1399255,65536
20140414,22.07,22.2,21.91,22.11,21353524.0,969147,65536
20140415,22.18,22.18,21.79,21.96,21097120.0,961128,65536
20140416,21.96,22.15,21.78,22.15,20661858.0,940626,65536
20140417,22.15,22.85,22.15,22.58,46041276.0,2037838,65536
20140418,21.69,21.69,21.04,21.3,81686216.0,3843130,65536
20140421,21.08,21.3,21.0,21.03,33428412.0,1580087,65536
20140422,20.98,21.09,20.36,20.61,40110976.0,1944259,65536
20140423,20.61,20.67,20.45,20.6,22657986.0,1102367,65536
20140424,20.56,20.65,20.29,20.37,25076798.0,1229320,65536
20140425,20.38,20.49,20.1,20.12,22409558.0,1104243,65536
20140428,20.13,20.2,19.28,19.3,21069220.0,1075778,65536
20140515,19.43,20.63,19.42,20.03,67503936.0,3353040,65536
20140516,19.99,20.0,19.37,19.64,28437346.0,1455325,65536
20140519,19.5,19.6,19.32,19.43,12051421.0,621067,65536
20140520,19.3,19.72,19.3,19.66,15526807.0,792366,65536
20140521,19.65,19.9,19.37,19.82,16909188.0,856542,65536
20140522,19.83,20.2,19.5,19.64,21921000.0,1098178,65536
20140523,19.65,20.12,19.61,20.09,17503720.0,878983,65536
20140526,20.3,20.3,20.06,20.16,17788186.0,883227,65536
20140527,20.17,20.29,20.11,20.15,13927842.0,690049,65536
20140528,20.16,20.2,19.93,20.18,15360033.0,765250,65536
20140529,20.25,20.28,19.98,20.19,17682998.0,879592,65536
20140530,20.16,20.16,19.87,20.08,11952979.0,597526,65536
20140603,20.07,20.29,20.01,20.27,15670027.0,775993,65536
20140604,20.26,20.26,19.87,19.92,18940888.0,946260,65536
20140605,19.33,20.54,19.15,20.5,32590788.0,1645627,65536
20140606,20.4,20.66,20.12,20.15,64089920.0,3143309,65536
20140609,20.14,20.14,19.53,19.53,23689656.0,1205250,65536
20140610,19.56,19.69,19.42,19.66,16334617.0,834970,65536
20140611,19.65,19.67,19.54,19.66,11316781.0,577398,65536
20140612,19.66,19.66,19.52,19.55,10591333.0,541441,65536
20140613,19.52,19.94,19.52,19.88,21482720.0,1084929,65536
20140616,19.88,19.94,19.8,19.88,20426926.0,1028096,65536
20140617,19.87,19.96,19.81,19.83,16106043.0,810197,65536
20140618,19.86,19.86,19.3,19.33,20944326.0,1071701,65536
20140619,19.48,19.48,18.72,18.72,19859746.0,1042270,65536
20140620,18.75,19.14,18.73,19.14,9898357.0,522835,65536
20140623,19.06,19.44,19.03,19.2,13054140.0,677407,65536
20140624,19.25,19.54,19.2,19.46,14572379.0,750272,65536
20140625,19.4,19.4,19.1,19.13,12762334.0,664364,65536
20140626,19.29,19.95,19.13,19.9,33122976.0,1691933,65536
20140627,19.75,19.97,19.7,19.83,33274346.0,1678230,65536
20140630,19.8,20.24,19.78,20.08,31447774.0,1567430,65536
20140701,20.12,20.16,19.84,19.97,18598724.0,933284,65536
20140702,19.98,20.28,19.92,20.18,22615132.0,1125053,65536
20140703,20.17,20.3,20.08,20.2,24527996.0,1212795,65536
20140704,20.15,20.27,19.97,19.97,18917250.0,943541,65536
20140707,19.88,20.06,19.84,19.97,14918989.0,747869,65536
20140708,20.0,20.24,19.78,20.22,18509414.0,925259,65536
20140709,20.19,20.25,19.81,19.88,18734740.0,934009,65536
20140710,19.75,21.57,19.75,21.09,84150088.0,4047356,65536
20140711,20.9,21.22,20.7,21.2,41577440.0,1977040,65536
20140714,21.18,21.43,20.94,21.43,32736860.0,1545319,65536
20140715,21.4,21.63,21.02,21.29,34226524.0,1606815,65536
20140716,21.19,21.43,20.73,21.05,26931376.0,1280557,65536
20140717,21.02,21.07,20.77,21.03,15842491.0,757334,65536
20140718,21.04,21.58,21.03,21.45,45142416.0,2109332,65536
20140721,21.48,21.58,21.0,21.11,36946404.0,1741171,65536
20140722,21.11,21.35,20.9,21.19,19942668.0,941091,65536
20140723,21.15,21.53,21.05,21.16,29034374.0,1363239,65536
20140724,21.15,21.45,20.91,21.18,24648326.0,1166258,65536
20140725,21.18,21.45,21.02,21.41,28009674.0,1315069,65536
20140728,21.6,21.98,21.5,21.71,39739248.0,1832080,65536
20140729,21.72,21.9,21.6,21.88,36071400.0,1657598,65536
20140730,21.81,21.93,21.63,21.8,26392310.0,1213668,65536
20140731,21.8,21.82,21.5,21.77,19658694.0,906004,65536
20140801,21.7,22.18,21.65,21.8,41199112.0,1877341,65536
20140804,21.81,21.98,21.53,21.97,32221834.0,1475073,65536
20140805,22.03,22.07,21.8,22.02,23558162.0,1073792,65536
20140806,21.91,22.31,21.81,22.29,43957112.0,1989534,65536
20140807,22.27,22.48,22.0,22.01,37872596.0,1705768,65536
20140808,22.01,22.16,21.9,22.04,26214958.0,1189727,65536
20140811,22.04,22.53,21.97,22.39,33516480.0,1498757,65536
20140812,22.38,22.73,22.3,22.6,30230762.0,1339050,65536
20140813,22.64,22.64,22.02,22.29,25976316.0,1165173,65536
20140814,22.27,22.8,21.97,22.41,28838130.0,1300791,65536
20140815,22.29,22.58,22.18,22.53,26261514.0,1169093,65536
20140818,22.51,22.9,22.41,22.83,34559300.0,1523134,65536
20140819,22.82,23.4,22.71,23.38,63615424.0,2754870,65536
20140820,23.39,23.66,23.19,23.42,51947816.0,2219431,65536
20140821,23.36,23.48,22.64,23.3,42702352.0,1849786,65536
20140822,22.87,22.89,22.39,22.7,78322992.0,3461275,65536
20140825,22.61,22.9,22.52,22.84,44361860.0,1952480,65536
20140826,22.84,22.88,22.43,22.78,38158180.0,1681765,65536
20140827,22.67,22.84,22.55,22.71,27069844.0,1190120,65536
20140828,22.71,22.79,22.23,22.35,32109566.0,1423257,65536
20140829,22.21,22.4,21.71,22.15,27759184.0,1261664,65536
20140901,22.09,23.07,22.09,22.98,36355420.0,1599602,65536
20140902,23.0,23.38,22.98,23.31,37491452.0,1619662,65536
20141031,25.2,25.2,23.43,23.83,272907904.0,11175053,65536
20141103,23.57,24.39,23.44,23.68,113337912.0,4765115,65536
20141104,23.62,23.98,23.28,23.29,74123200.0,3146955,65536
20141105,23.35,23.69,23.1,23.61,54258648.0,2317324,65536
20141106,23.51,24.35,23.51,24.28,95485296.0,3965395,65536
20141107,24.28,24.35,23.58,23.7,67205664.0,2804423,65536
20141110,23.62,23.94,23.62,23.76,37342236.0,1570403,65536
20141111,23.94,23.94,22.23,22.23,71491376.0,3120289,65536
20141112,22.33,22.65,22.2,22.64,33392182.0,1486564,65536
20141113,22.65,22.76,22.12,22.2,34724456.0,1554454,65536
20141114,22.13,22.23,21.8,22.22,26319630.0,1193851,65536
20141117,22.25,22.76,22.09,22.53,22102452.0,983587,65536
20141118,22.5,22.98,22.48,22.95,32164872.0,1415924,65536
20141119,22.89,23.18,22.7,23.18,29398674.0,1275346,65536
20141120,23.16,23.31,23.02,23.2,32873572.0,1417143,65536
20141121,23.3,23.93,23.3,23.8,52934264.0,2228435,65536
20141124,24.0,24.59,23.8,24.29,111582560.0,4620774,65536
20141125,24.29,24.78,24.2,24.29,54414984.0,2220826,65536
20141126,24.27,24.67,24.0,24.6,58586544.0,2395209,65536
20141127,24.46,24.75,24.16,24.55,50583240.0,2064445,65536
20141128,24.56,24.9,24.33,24.8,53911068.0,2192644,65536
20141201,24.8,24.81,24.15,24.17,40630104.0,1666219,65536
20141202,24.18,26.59,24.18,26.59,121057408.0,4626204,65536
20141203,26.59,27.62,25.98,26.2,95704104.0,3595152,65536
20141204,26.46,27.56,25.82,27.0,77323256.0,2874604,65536
20141205,26.76,26.76,24.52,25.6,73859736.0,2857140,65536
20141208,25.59,25.7,24.98,25.18,52845476.0,2088702,65536
20141209,25.0,25.45,23.81,23.9,71450816.0,2915023,65536
20141210,23.8,24.65,23.73,24.65,57900820.0,2398544,65536
20141211,24.49,25.25,24.31,25.25,37703284.0,1523398,65536
20141212,25.26,25.5,25.0,25.12,30153146.0,1197115,65536
20141215,25.28,25.8,25.01,25.68,38604720.0,1510004,65536
20141216,25.65,25.79,25.09,25.53,32350292.0,1275454,65536
20141217,25.48,25.48,24.49,24.59,33779864.0,1358732,65536
20141218,24.58,25.55,24.34,24.97,46792612.0,1862642,65536
20141219,24.8,25.15,23.5,23.99,43698796.0,1811608,65536
20141222,23.94,23.94,22.18,22.42,43241268.0,1911396,65536
20141223,22.41,23.16,22.21,22.63,22503916.0,989533,65536
20141224,22.8,23.5,22.63,23.2,20767980.0,898496,65536
20141225,23.3,23.65,23.18,23.55,17046222.0,727704,65536
20141226,23.62,23.73,23.02,23.3,23801770.0,1022147,65536
20141229,23.27,23.3,22.61,22.85,27622214.0,1211438,65536
20141230,22.92,22.92,22.42,22.45,16535835.0,730219,65536
20141231,22.42,23.05,22.24,23.0,48147760.0,2126491,65536
20150105,22.88,23.85,22.8,23.75,47178932.0,2027418,65536
20150106,23.8,25.2,23.7,24.78,135970160.0,5562771,65536
20150107,24.25,24.25,23.71,24.0,53549984.0,2241686,65536
20150108,23.97,23.98,23.42,23.71,29575212.0,1248194,65536
20150109,24.0,24.04,23.3,23.33,29684482.0,1247975,65536
20150112,23.28,23.28,22.51,22.59,25389038.0,1114296,65536
20150113,22.65,23.24,22.0,23.2,47120596.0,2090054,65536
20150114,23.01,23.1,22.55,22.62,27483282.0,1205889,65536
20150115,22.62,22.88,22.58,22.77,17776256.0,782983,65536
20150116,22.87,23.14,22.68,23.1,22602656.0,986726,65536
20150119,22.58,23.33,22.15,22.26,42535432.0,1867310,65536
20150120,22.36,23.02,22.36,23.01,31869632.0,1401749,65536
20150121,23.02,23.58,22.93,23.47,42206200.0,1808105,65536
20150122,23.6,23.83,23.3,23.71,36138604.0,1530942,65536
20150123,23.6,24.4,23.29,24.3,69201072.0,2905403,65536
20150126,24.1,25.38,24.0,25.32,121179880.0,4885006,65536
20150127,25.52,27.85,25.52,27.2,321857024.0,11941618,65536
20150128,27.37,28.58,26.65,27.46,269760512.0,9695643,65536
20150129,27.0,28.9,26.8,28.59,176694512.0,6309125,65536
20150130,28.27,29.2,27.69,28.58,100723288.0,3550584,65536
20150202,28.2,28.85,27.69,28.13,69497968.0,2464269,65536
20150203,28.0,29.2,27.9,28.85,84491152.0,2956246,65536
20150204,28.75,29.86,28.3,29.39,120401904.0,4112619,65536
20150205,29.02,29.9,28.67,29.0,92898768.0,3153861,65536
20150206,29.0,29.15,27.6,27.85,54731452.0,1935028,65536
20150209,27.85,28.63,27.29,28.15,72164960.0,2571634,65536
20150210,28.06,28.26,27.31,27.52,40939560.0,1477440,65536
20150211,27.9,28.71,27.52,28.68,47685836.0,1688146,65536
20150212,28.69,29.69,28.17,28.7,61245696.0,2117787,65536
20150213,28.69,31.57,28.02,31.3,150400656.0,4902462,65536
20150216,31.25,31.82,30.4,31.58,65121452.0,2089690,65536
20150217,31.57,32.32,30.84,31.92,82996072.0,2612940,65536
20150225,31.5,32.4,31.5,31.8,48059116.0,1509393,65536
20150226,31.99,32.35,30.0,30.82,54373044.0,1771811,65536
20150227,30.51,31.38,30.12,30.79,29009922.0,944073,65536
20150302,30.83,32.29,30.8,31.0,37879752.0,1209060,65536
20150303,31.0,31.88,29.62,31.57,104092040.0,3428634,65536
20150304,31.3,32.8,30.86,31.83,52094368.0,1649325,65536
20150305,31.83,34.1,31.03,33.45,130324408.0,3983360,65536
20150306,33.43,34.2,32.5,32.5,97227056.0,2922460,65536
20150309,32.51,33.59,31.8,33.05,46048252.0,1402287,65536
20150310,33.1,33.55,32.0,32.7,69314360.0,2117927,65536
20150311,32.13,32.54,31.41,31.88,47433256.0,1491857,65536
20150312,31.88,32.75,31.13,32.63,66441376.0,2086343,65536
20150313,32.3,33.3,31.7,31.8,51215224.0,1597401,65536
20150316,32.13,33.18,31.79,32.09,69145304.0,2132450,65536
20150317,32.45,32.8,31.03,32.0,81997696.0,2565441,65536
20150318,32.0,34.2,32.0,34.18,143276928.0,4344725,65536
20150319,33.72,36.88,33.6,36.4,196950192.0,5556346,65536
20150320,36.01,37.73,35.79,36.5,65705240.0,1815453,65536
20150323,36.99,36.99,35.83,36.67,72615504.0,1995165,65536
20150324,36.5,36.68,34.61,36.24,113737152.0,3159774,65536
20150325,36.17,39.86,35.7,38.75,125645480.0,3299565,65536
20150326,38.76,39.5,37.75,38.72,83838128.0,2165041,65536
20150327,38.73,40.0,37.85,40.0,85034032.0,2191835,65536
20150330,40.02,42.0,39.31,40.81,167386256.0,4096466,65536
20150408,39.01,40.6,37.0,39.95,309795168.0,8055117,65536
20150409,38.43,38.45,35.96,37.88,278178336.0,7540253,65536
20150410,36.23,37.92,36.11,37.37,145610688.0,3914511,65536
20150514,41.11,41.11,41.11,41.11,3704956.5,90123,65536
20150515,45.22,45.22,45.22,45.22,4025303.5,89016,65536
20150518,49.74,49.74,49.74,49.74,6332946.5,127321,65536
20150519,54.71,54.71,54.71,54.71,10732789.0,196176,65536
20150520,60.18,60.18,60.18,60.18,7472249.5,124165,65536
20150521,66.2,66.2,65.38,66.2,188868800.0,2853647,65536
20150522,72.82,72.82,71.38,72.82,382276896.0,5253151,65536
20150525,73.0,80.1,71.01,80.1,506023424.0,6467930,65536
20150526,88.0,88.11,79.55,87.95,913101632.0,10629002,65536
20150527,83.0,85.49,79.4,84.05,647776256.0,7810529,65536
20150528,81.0,83.0,79.01,80.6,487463328.0,6041508,65536
20150529,77.0,84.98,76.5,82.3,408406112.0,5047688,65536
20150601,85.2,90.53,85.13,90.53,289365888.0,3228486,65536
20150602,95.0,99.58,94.0,99.58,263554944.0,2689806,65536
20150603,107.0,109.54,99.41,109.54,496559744.0,4648165,65536
20150604,112.6,115.0,98.8,103.9,297604544.0,2858876,65536
20150605,106.0,107.77,95.83,99.25,260509264.0,2598344,65536
20150608,98.49,104.83,89.33,100.62,383062624.0,3994886,65536
20150609,97.05,101.0,92.0,92.99,227413216.0,2356613,65536
20150610,92.02,97.6,90.49,95.3,174879744.0,1850359,65536
20150611,95.0,95.98,90.94,92.09,181734832.0,1965843,65536
20150612,92.78,95.0,88.0,92.06,247599312.0,2724654,65536
20150615,91.8,95.2,83.04,86.81,311098080.0,3515486,65536
20150616,86.2,86.28,78.18,78.5,259895248.0,3252260,65536
20150617,79.4,81.99,75.0,81.5,380969504.0,4876287,65536
20150618,81.1,89.65,81.1,89.65,544505664.0,6160429,65536
20150619,85.0,94.0,83.33,88.4,374708160.0,4172608,65536
20150623,89.28,93.8,80.0,86.97,228530624.0,2601960,65536
20150624,88.0,89.44,83.0,89.0,234698624.0,2726206,65536
20150625,88.8,91.0,83.38,84.01,159328432.0,1827400,65536
20150626,80.08,80.11,75.61,75.61,74863344.0,978000,65536
20150629,75.61,76.4,68.05,68.05,40575072.0,582800,65536
20150630,61.25,71.0,61.25,67.45,212779552.0,3245186,65536
20150701,66.93,74.13,60.71,60.71,359307072.0,5261594,65536
20150702,57.92,59.91,54.64,54.64,119902880.0,2181068,65536
20150714,60.1,60.1,59.0,60.1,319980320.0,5324333,65536
20150715,60.0,60.0,54.09,54.09,77908008.0,1396300,65536
20150716,48.68,56.42,48.68,52.0,527552448.0,10598186,65536
20150717,51.38,56.16,48.21,54.5,417461920.0,8070472,65536
20150720,52.97,56.79,52.13,54.5,421180864.0,7737633,65536
20150721,53.98,59.9,52.4,58.88,381928320.0,6770341,65536
20150722,57.76,59.8,55.18,56.88,311830368.0,5429049,65536
20150723,56.56,61.4,56.56,60.22,422441440.0,7113896,65536
20150724,60.31,62.0,57.58,57.9,341403392.0,5713048,65536
20150727,55.0,57.1,52.11,52.11,233118256.0,4322935,65536
20150728,46.9,50.01,46.9,46.9,219678320.0,4650830,65536
20150729,46.0,48.5,42.21,46.88,397759072.0,8942607,65536
20150730,45.8,46.1,42.19,42.19,268957312.0,6012685,65536
20150731,40.25,41.0,38.02,38.99,376230304.0,9535124,65536
20150803,38.5,39.88,35.6,37.0,394435744.0,10413901,65536
20150804,37.58,40.7,37.05,40.7,391059840.0,10029279,65536
20150805,41.77,44.27,41.26,42.19,610227584.0,14317013,65536
20150806,40.72,42.15,40.1,41.07,298749184.0,7226884,65536
20150807,41.7,44.2,41.57,43.55,417703936.0,9726824,65536
20150810,44.1,46.48,43.0,46.17,524477408.0,11791283,65536
20150811,46.0,49.7,45.31,47.23,577211072.0,12227055,65536
20150812,46.25,47.58,45.12,45.4,363791712.0,7789351,65536
20150813,44.4,46.39,44.0,46.38,313976768.0,6930670,65536
20150814,46.43,48.1,45.99,46.2,310213952.0,6578948,65536
20150817,45.58,45.6,42.74,44.5,369166880.0,8386790,65536
20150818,44.2,45.49,40.05,40.05,322519872.0,7482278,65536
20150819,38.05,40.99,36.76,40.6,267306880.0,6927366,65536
20150820,40.19,41.48,39.1,39.6,225775088.0,5608781,65536
20150821,38.9,39.49,36.76,36.85,263768032.0,6937193,65536
20150824,34.99,35.5,33.17,33.17,193848656.0,5761524,65536
20150825,29.9,31.55,29.85,29.85,235281520.0,7803124,65536
20150826,30.0,31.3,28.0,28.88,212519776.0,7100332,65536
20150827,29.25,31.1,28.24,30.5,206119936.0,6880272,65536
20150828,31.35,32.97,30.58,32.94,256553616.0,8147147,65536
20150831,32.08,32.1,29.65,29.65,255702112.0,8272132,65536
20150901,28.94,28.94,26.69,26.69,180478864.0,6567188,65536
20150902,24.2,27.99,24.18,24.5,207069232.0,8036606,65536
20150907,25.48,26.95,25.01,26.15,192772336.0,7333181,65536
20150908,25.7,28.77,25.36,28.77,195410080.0,7269352,65536
20150909,29.6,31.18,29.1,30.54,312883424.0,10339932,65536
20150910,29.7,30.5,29.15,29.63,198321728.0,6620771,65536
20150911,29.6,30.76,29.04,30.2,186563920.0,6210330,65536
20150914,30.4,30.4,27.18,27.18,180400528.0,6364063,65536
20150915,25.1,26.13,24.46,24.46,201567376.0,8058321,65536
20150916,24.52,26.91,24.52,26.91,195828208.0,7671804,65536
20150917,27.07,28.7,26.07,26.75,285930976.0,10374882,65536
20150918,27.0,27.63,26.01,27.24,177749088.0,6633557,65536
20150921,26.5,29.96,26.13,29.96,326661216.0,11361706,65536
20150922,30.32,31.18,29.19,30.44,333717056.0,11125450,65536
20150923,29.55,31.44,29.32,30.44,290136192.0,9594901,65536
20150924,31.43,31.43,30.13,30.66,253451600.0,8250907,65536
20150925,30.65,31.1,27.89,28.21,233234992.0,7948022,65536
20150928,28.21,29.9,27.52,29.9,175999824.0,6120014,65536
20150929,29.02,32.29,29.0,31.04,307802656.0,10130190,65536
20150930,31.07,31.29,29.6,30.19,215174624.0,7088966,65536
20151008,31.2,32.6,30.8,31.9,254596416.0,8042540,65536
20151009,31.67,32.4,31.32,32.12,240535280.0,7547316,65536
20151012,32.49,34.95,32.22,34.55,317304992.0,9405749,65536
20151013,33.96,34.9,33.66,34.68,306092992.0,8920014,65536
20151014,34.13,35.48,33.34,33.55,308887104.0,8984145,65536
20151015,32.99,35.79,32.99,35.59,332477632.0,9626145,65536
20151016,35.99,38.73,34.78,38.3,439035968.0,12235797,65536
20151019,37.11,38.3,36.34,37.08,456325536.0,12273106,65536
20151020,36.88,39.45,36.38,39.39,391647136.0,10400951,65536
20151021,38.83,40.79,35.45,35.45,479278208.0,12714331,65536
20151022,35.09,36.98,34.5,36.42,337083936.0,9449266,65536
20151023,37.4,38.8,36.16,38.0,429289184.0,11531942,65536
20151026,38.27,38.34,36.43,37.0,307618944.0,8274045,65536
20151027,36.65,37.88,34.1,37.62,335032896.0,9350392,65536
20151028,37.57,39.4,35.6,36.6,383817120.0,10273626,65536
20151029,36.9,37.0,35.5,36.32,291999360.0,8047881,65536
20151030,37.35,39.95,36.84,39.95,558389696.0,14555218,65536
20151102,38.0,39.93,36.77,36.99,557353600.0,14481887,65536
20151103,36.77,37.31,35.0,35.62,319207392.0,8818196,65536
20151104,35.83,38.5,35.82,38.01,320981792.0,8666609,65536
20151105,38.0,39.5,37.0,38.79,467947072.0,12284830,65536
20151106,38.95,40.98,38.81,40.58,512843072.0,12826311,65536
20151109,40.12,41.94,38.8,41.11,459483936.0,11376524,65536
20151110,41.47,42.68,40.0,41.15,463963712.0,11228664,65536
20151111,41.17,42.79,40.0,42.65,432646944.0,10416034,65536
20151112,42.98,43.46,41.02,41.5,387470976.0,9253136,65536
20151113,40.58,40.84,39.03,39.38,312724608.0,7831584,65536
20151116,38.28,40.59,38.03,40.42,233078352.0,5911393,65536
20151117,40.86,42.25,40.0,40.15,414998976.0,10053345,65536
20151118,40.15,40.5,38.8,38.9,190806784.0,4805369,65536
20151119,39.98,42.5,39.96,41.55,342713472.0,8302614,65536
20151120,41.2,45.71,41.0,45.71,695783168.0,15729420,65536
20151123,49.0,50.28,47.51,50.28,303860192.0,6156729,65536
20151124,55.31,55.31,51.0,55.31,1330273024.0,24597390,65536
20151125,56.0,60.84,54.73,60.84,484702624.0,8361286,65536
20151126,66.0,66.0,58.5,61.0,1116296576.0,17947330,65536
20151127,59.58,67.1,59.01,65.34,1175011840.0,18402399,65536
20151130,63.6,65.27,58.81,62.0,876421312.0,14163789,65536
20151201,60.38,61.0,55.8,55.8,671300352.0,11680737,65536
20151202,54.59,55.35,50.22,53.77,820759488.0,15608922,65536
20151203,53.66,55.87,52.5,55.87,638048000.0,11772998,65536
20151204,55.65,56.88,52.71,54.26,606416832.0,11015239,65536
20151207,53.4,57.4,53.2,56.15,555117120.0,9956323,65536
20151208,55.76,55.78,52.98,53.0,399526528.0,7408875,65536
20151209,52.8,58.3,52.03,58.3,397883648.0,6992340,65536
20151210,62.0,64.13,59.31,61.44,813880064.0,13096265,65536
20151211,62.22,65.69,60.22,60.25,476129920.0,7629303,65536
20151214,58.03,58.21,54.23,55.11,592083968.0,10768574,65536
20151215,55.12,60.62,55.0,60.62,362749120.0,6211333,65536
20151216,63.28,63.28,58.01,61.2,538757376.0,8890191,65536
20151217,61.5,64.96,60.1,64.0,506265088.0,8012722,65536
20151218,62.79,70.0,62.72,68.62,563042112.0,8323592,65536
20151221,67.6,75.48,67.6,75.48,641802944.0,8706673,65536
20151222,75.48,79.24,72.0,75.46,430460512.0,5706546,65536
20160620,33.87,33.87,33.87,33.87,7891710.0,233000,65536
20160621,30.48,30.48,30.48,30.48,9000744.0,295300,65536
20160622,27.43,27.43,27.43,27.43,46828496.0,1707200,65536
20160623,25.5,27.36,24.69,26.29,1355119488.0,53223826,65536
20160624,25.05,25.48,24.0,24.94,719303680.0,28718079,65536
20160627,25.05,25.28,24.21,25.09,564523072.0,22751042,65536
20160628,25.0,25.49,24.58,25.0,606269568.0,24227033,65536
20160629,25.55,25.7,25.03,25.33,595546624.0,23486906,65536
20160630,25.05,25.24,24.61,24.93,359602400.0,14456441,65536
20160701,24.99,26.66,24.8,25.88,663525696.0,25807007,65536
20160704,25.56,26.26,25.2,25.92,532110976.0,20671784,65536
20160705,26.05,28.4,26.05,26.94,755562304.0,27881082,65536
20160706,26.43,27.12,26.31,26.66,421093696.0,15834252,65536
20160707,26.71,27.5,25.83,26.06,472230720.0,17841901,65536
20160708,25.62,25.96,25.5,25.67,285751776.0,11107848,65536
20160711,25.9,25.9,25.01,25.11,311524576.0,12306829,65536
20160712,25.22,25.44,24.2,24.93,256311920.0,10341773,65536
20160713,25.29,25.45,24.8,25.35,232846176.0,9253771,65536
20160714,25.4,25.4,24.8,24.99,250474000.0,10005957,65536
20160715,24.6,25.06,24.12,24.26,410451648.0,16792119,65536
20160718,24.31,24.42,23.81,23.9,206324144.0,8601344,65536
20160719,23.99,24.2,23.82,24.17,142099216.0,5910569,65536
20160720,24.18,24.88,24.11,24.56,231959024.0,9491210,65536
20160721,24.4,24.63,24.2,24.28,167948208.0,6884478,65536
20160722,24.47,24.85,24.31,24.62,246691472.0,10041318,65536
20160725,24.6,24.6,23.92,24.07,177872880.0,7350310,65536
20160726,24.06,24.56,23.93,24.45,155539504.0,6413287,65536
20160727,24.7,24.7,22.16,22.35,281013440.0,12103744,65536
20160728,22.24,22.5,20.68,21.47,201413200.0,9319555,65536
20160729,21.47,21.47,20.65,20.8,134213504.0,6407155,65536
20160801,20.6,20.97,20.0,20.86,124342712.0,6079733,65536
20160802,20.94,21.0,20.66,20.94,81724768.0,3917971,65536
20160803,21.0,21.26,20.8,20.88,101134616.0,4813806,65536
20160804,20.95,21.36,20.44,21.26,160580400.0,7685392,65536
20160805,21.36,21.36,20.62,20.65,144956656.0,6936947,65536
20160808,20.8,20.84,20.25,20.73,98452616.0,4772046,65536
20160809,20.75,21.09,20.61,20.94,122601736.0,5867097,65536
20160810,20.9,21.88,20.9,21.37,209985888.0,9759235,65536
20160811,21.37,21.37,20.68,20.73,139196512.0,6642408,65536
20160812,20.52,20.99,20.51,20.9,80333928.0,3856460,65536
20160815,21.11,21.72,20.85,21.41,202885504.0,9510344,65536
20160816,21.42,21.72,21.35,21.51,153864976.0,7144415,65536
20160817,21.45,21.68,21.22,21.35,132090448.0,6191727,65536
20160818,21.32,21.47,21.11,21.43,141792832.0,6643663,65536
20160819,21.4,22.51,21.32,21.78,250930784.0,11404833,65536
20160822,21.68,21.87,21.14,21.19,149244368.0,6953757,65536
20160823,21.23,21.43,21.05,21.28,86891896.0,4094801,65536
20160824,21.24,21.39,21.18,21.25,82217704.0,3864095,65536
20160825,21.18,21.18,20.61,20.75,111741320.0,5377907,65536
20160826,20.88,21.01,20.68,20.7,81062376.0,3887530,65536
20160829,20.73,20.87,20.52,20.8,67844672.0,3276648,65536
20160830,20.8,20.95,20.56,20.64,72191544.0,3475268,65536
20160831,20.65,20.97,20.46,20.82,98336104.0,4748670,65536
20160901,20.9,20.91,20.7,20.7,72980696.0,3509638,65536
20160902,20.65,20.86,20.43,20.51,63338280.0,3076135,65536
20160905,20.58,20.73,20.29,20.32,96158360.0,4696557,65536
20160906,20.36,20.59,20.02,20.54,95631960.0,4710116,65536
20160907,20.68,20.97,20.67,20.8,142052176.0,6808980,65536
20160908,20.6,22.22,20.52,21.75,204088352.0,9531529,65536
20160909,21.58,21.7,21.08,21.17,167623792.0,7846355,65536
20160912,20.7,20.89,20.31,20.31,112169512.0,5441947,65536
20160913,20.5,20.65,20.25,20.4,65656764.0,3216253,65536
20160914,20.3,20.58,20.2,20.39,64368808.0,3153572,65536
20160919,20.38,20.58,20.35,20.43,50433172.0,2466146,65536
20160920,20.48,20.58,20.23,20.51,62996772.0,3095395,65536
20160921,20.46,20.5,20.35,20.44,56937344.0,2789473,65536
20160922,20.46,21.43,20.46,20.63,128207048.0,6151415,65536
20160923,20.48,20.78,20.38,20.68,80184384.0,3901836,65536
20160926,20.57,20.6,20.3,20.35,69656728.0,3415639,65536
20160927,20.34,21.28,20.3,20.6,83038456.0,4035927,65536
20160928,20.59,20.59,20.39,20.4,53693924.0,2626022,65536
20160929,20.4,20.51,20.31,20.31,46338104.0,2271335,65536
20160930,20.3,20.38,20.23,20.26,49445120.0,2436488,65536
20161010,20.36,20.6,20.27,20.5,91437416.0,4465408,65536
20161011,20.51,20.7,20.45,20.6,78548792.0,3814784,65536
20161012,20.8,20.8,20.51,20.66,85029784.0,4122032,65536
20161013,20.66,20.67,20.4,20.5,79512488.0,3878771,65536
20161014,20.43,20.62,20.41,20.5,67048584.0,3268563,65536
20161017,20.62,21.2,20.51,20.69,183602192.0,8810657,65536
20161018,20.63,21.15,20.6,21.03,185779152.0,8855507,65536
20161019,21.13,21.22,20.75,20.84,132014360.0,6320070,65536
20161020,20.9,22.3,20.8,22.01,418960448.0,19294832,65536
20161021,21.83,22.38,21.6,22.35,385921248.0,17460673,65536
20161024,22.58,23.23,22.15,22.22,382498304.0,16889029,65536
20161025,22.23,22.6,21.89,22.58,247361648.0,11116143,65536
20161026,22.4,22.78,22.01,22.04,194816912.0,8760438,65536
20161027,22.21,22.41,22.01,22.07,120113840.0,5427009,65536
20161028,22.1,22.2,21.6,21.62,138531792.0,6340143,65536
20161031,21.55,21.65,21.16,21.58,116893008.0,5459294,65536
20161101,21.53,21.95,21.52,21.85,101183152.0,4649573,65536
20161102,21.91,21.98,21.54,21.61,105873440.0,4866752,65536
20161103,21.6,21.82,21.37,21.58,115532432.0,5347516,65536
20161104,21.54,21.88,21.43,21.84,95676392.0,4410710,65536
20161107,21.86,22.47,21.76,22.22,185409344.0,8339989,65536
20161108,22.53,22.53,22.0,22.1,118513144.0,5352401,65536
20161109,22.12,22.19,21.5,21.68,148490576.0,6803727,65536
20161110,21.83,22.17,21.73,22.01,125474656.0,5723741,65536
20161111,21.99,22.12,21.83,21.87,112309832.0,5122841,65536
20161114,21.8,21.84,21.53,21.59,117958592.0,5446292,65536
20161115,21.62,21.83,21.44,21.79,94693960.0,4380621,65536
20161116,21.82,22.18,21.7,21.82,131132864.0,5975993,65536
20161117,21.7,21.87,21.53,21.58,84981288.0,3923804,65536
20161118,21.62,21.76,21.55,21.63,67119848.0,3101877,65536
20161121,21.6,21.84,21.51,21.7,75126256.0,3459279,65536
20161122,21.77,22.1,21.66,22.05,144835248.0,6608338,65536
20161123,22.1,22.15,21.74,21.75,111785824.0,5105492,65536
20161124,21.69,21.99,21.54,21.58,91012336.0,4184500,65536
20161125,21.58,21.65,20.99,21.42,124558704.0,5857656,65536
20161128,21.43,21.52,21.01,21.13,89398064.0,4200923,65536
20161129,21.15,21.25,20.95,20.99,75760152.0,3592506,65536
20161130,21.01,21.23,21.0,21.09,47964956.0,2273597,65536
20161201,21.1,21.28,21.02,21.07,56325668.0,2667495,65536
20161202,21.08,21.1,20.39,20.42,95501464.0,4611672,65536
20161205,20.43,20.49,20.17,20.28,60352608.0,2973961,65536
20161206,20.3,20.5,20.28,20.39,43457472.0,2129790,65536
20161207,20.39,20.68,20.34,20.62,51785856.0,2519590,65536
20161208,20.6,20.61,20.22,20.24,79994560.0,3929835,65536
20161209,20.32,20.36,20.12,20.15,71631048.0,3535790,65536
20161212,20.13,20.25,18.2,18.33,118313144.0,6166128,65536
20161213,18.28,18.56,17.76,18.44,67053992.0,3682549,65536
20161214,18.5,18.5,17.91,18.06,59135112.0,3259370,65536
20161215,18.0,18.46,17.86,18.26,50506668.0,2767412,65536
20161216,18.29,18.51,18.18,18.44,45157592.0,2455728,65536
20161219,18.44,18.59,18.33,18.49,46230388.0,2504102,65536
20161220,18.38,18.5,18.35,18.37,33589596.0,1824340,65536
20161221,18.45,18.68,18.39,18.64,43206528.0,2331001,65536
20161222,18.59,18.66,18.44,18.6,39772988.0,2146693,65536
20161223,18.66,19.94,18.66,19.03,103511280.0,5352227,65536
20161226,19.1,19.2,18.5,18.75,78215320.0,4182164,65536
20161227,18.75,18.76,18.5,18.54,52203640.0,2810695,65536
20161228,18.5,18.54,18.17,18.2,59612016.0,3255475,65536
20161229,18.11,18.49,18.11,18.25,37469040.0,2044525,65536
20161230,18.34,18.35,18.03,18.12,27930670.0,1532656,65536
20170103,18.17,18.76,18.17,18.56,72564720.0,3911031,65536
20170104,18.57,18.79,18.36,18.78,54195880.0,2908839,65536
20170105,18.77,18.77,18.6,18.62,32126426.0,1719802,65536
20170106,18.65,18.76,18.41,18.41,33656264.0,1815638,65536
20170109,18.33,18.73,18.32,18.64,34991792.0,1888495,65536
20170110,18.64,18.73,18.52,18.55,27981296.0,1503800,65536
20170111,18.45,18.46,18.24,18.24,29221690.0,1594320,65536
20170112,18.13,18.32,18.02,18.04,25807674.0,1423348,65536
20170113,18.11,18.13,17.83,18.04,35412324.0,1965129,65536
20170116,17.91,18.0,16.26,16.82,63215360.0,3680213,65536
20170117,16.75,17.12,16.35,16.95,32145370.0,1918472,65536
20170118,16.99,16.99,16.59,16.63,27779806.0,1658346,65536
20170119,16.69,16.94,16.43,16.65,30426806.0,1824218,65536
20170120,16.69,17.14,16.69,17.02,39838560.0,2348478,65536
20170123,17.11,17.3,17.0,17.14,33568516.0,1959549,65536
20170124,17.25,17.25,16.82,16.93,28260386.0,1660774,65536
20170125,16.81,17.17,16.81,17.02,25035432.0,1467295,65536
20170126,17.07,17.28,17.07,17.25,19263278.0,1119696,65536
20170203,17.28,17.32,17.02,17.14,20237268.0,1181803,65536
20170206,17.21,17.3,17.08,17.24,34416644.0,1998729,65536
20170207,17.25,17.25,17.1,17.19,30086420.0,1752076,65536
20170208,17.18,17.42,17.06,17.37,29813282.0,1729339,65536
20170209,17.28,17.52,17.28,17.42,29251042.0,1680331,65536
20170210,17.41,17.54,17.32,17.4,29241414.0,1679612,65536
20170213,17.4,17.55,17.31,17.54,32023540.0,1834598,65536
20170214,17.43,17.48,17.14,17.3,53999076.0,3128331,65536
20170215,17.25,17.33,17.07,17.24,44612588.0,2594745,65536
20170216,17.23,17.88,17.15,17.74,137853616.0,7791075,65536
20170217,17.6,17.75,17.3,17.32,67312704.0,3842631,65536
20170220,17.35,17.5,17.11,17.22,54729692.0,3182536,65536
20170221,17.22,17.33,17.13,17.3,48937452.0,2834999,65536
20170222,17.36,17.56,17.25,17.44,60613468.0,3485063,65536
20170223,17.46,17.54,17.18,17.38,62744324.0,3622945,65536
20170224,17.38,17.58,17.33,17.58,71093712.0,4068881,65536
20170227,17.64,17.64,17.34,17.37,41790172.0,2391042,65536
20170228,17.37,17.71,17.32,17.61,67122256.0,3825549,65536
20170301,17.61,17.65,17.51,17.59,58026380.0,3300163,65536
20170302,17.57,17.68,17.26,17.28,61631700.0,3542888,65536
20170303,17.26,17.54,17.08,17.52,64456904.0,3727583,65536
20170306,17.55,17.91,17.5,17.82,109031560.0,6151065,65536
20170307,17.83,17.93,17.6,17.78,61909356.0,3494603,65536
20170308,17.7,17.81,17.58,17.65,57049036.0,3228462,65536
20170309,17.6,17.85,17.39,17.84,80780952.0,4571719,65536
20170310,17.8,17.88,17.58,17.6,58859988.0,3319685,65536
20170313,17.52,17.54,17.18,17.5,46987428.0,2702892,65536
20170314,17.54,17.6,17.23,17.26,54436004.0,3135077,65536
20170315,17.25,17.35,17.1,17.15,43826976.0,2546872,65536
20170316,17.14,17.42,17.14,17.35,57028528.0,3297103,65536
20170317,17.36,17.68,17.3,17.68,115646936.0,6581875,65536
20170320,17.95,18.4,17.74,18.0,231031840.0,12778822,65536
20170321,17.79,17.87,17.61,17.83,103546680.0,5842033,65536
20170322,17.67,18.97,17.48,18.44,210999264.0,11524006,65536
20170323,18.21,19.08,18.2,18.95,244159552.0,13094130,65536
20170324,18.8,19.0,18.65,18.78,163817088.0,8703864,65536
20170327,18.66,18.93,18.33,18.33,107317400.0,5784459,65536
20170328,18.4,18.87,18.15,18.49,105461792.0,5683449,65536
20170329,18.41,18.85,18.23,18.38,139555680.0,7515468,65536
20170330,18.32,18.32,17.2,17.28,142304400.0,8043279,65536
20170331,17.18,17.47,16.72,16.86,111566368.0,6560357,65536
20170405,16.8,17.6,16.75,17.34,98045216.0,5671434,65536
20170406,17.35,17.6,17.2,17.38,92830040.0,5326264,65536
20170407,17.38,17.66,17.18,17.3,55028564.0,3177880,65536
20170410,17.37,17.43,16.72,16.96,68861688.0,4055195,65536
20170411,17.05,17.05,16.43,16.75,73212336.0,4385823,65536
20170412,16.81,16.81,16.28,16.35,93843072.0,5698132,65536
20170413,16.35,16.57,16.26,16.39,65888132.0,4024808,65536
20170414,16.36,16.39,15.88,15.91,68738496.0,4281617,65536
20170417,15.87,15.87,15.54,15.69,40932312.0,2608899,65536
20170418,15.86,15.86,15.58,15.63,35565524.0,2262908,65536
20170419,15.55,15.74,15.36,15.72,36710704.0,2362352,65536
20170420,15.78,15.78,15.52,15.64,34453556.0,2199519,65536
20170421,15.71,15.71,15.54,15.65,22080618.0,1413402,65536
20170424,15.65,15.65,14.93,15.0,37988620.0,2517800,65536
20170425,15.04,15.54,15.0,15.18,24159628.0,1593013,65536
20170426,15.21,15.4,14.9,15.2,32051416.0,2114202,65536
20170427,15.47,15.47,14.92,15.36,46821968.0,3078237,65536
20170428,15.49,15.69,15.36,15.65,45365576.0,2913039,65536
20170502,15.65,15.78,15.53,15.58,31237006.0,1996300,65536
20170503,15.41,15.67,15.41,15.52,36339120.0,2336622,65536
20170504,15.55,15.65,15.37,15.49,36864384.0,2373814,65536
20170505,15.51,15.52,15.17,15.17,28586236.0,1861532,65536
20170508,15.2,15.23,13.65,14.67,35703816.0,2388613,65536
20170509,14.8,14.8,14.5,14.73,24955174.0,1704880,65536
20170510,14.69,14.9,14.0,14.15,35299696.0,2446672,65536
20170511,14.09,14.13,13.25,13.63,52454732.0,3848978,65536
20170512,13.55,13.74,13.45,13.56,24030014.0,1767426,65536
20170515,13.56,13.75,13.55,13.7,20013490.0,1467796,65536
20170516,13.64,14.12,13.48,14.07,32013662.0,2327494,65536
20170517,13.97,14.19,13.9,14.09,30980576.0,2203323,65536
20170518,14.0,14.14,13.85,13.9,22716378.0,1623034,65536
20170519,13.97,13.98,13.82,13.9,17753932.0,1277100,65536
20170522,13.9,14.04,13.56,13.66,26081322.0,1883957,65536
20170523,13.68,13.68,13.08,13.12,27754046.0,2070252,65536
20170524,13.04,13.19,12.88,13.18,23972760.0,1837750,65536
20170525,13.19,13.34,12.91,13.31,25094936.0,1907866,65536
20170526,13.34,13.35,13.21,13.26,17270782.0,1301040,65536
20170531,13.6,13.64,13.29,13.45,28804506.0,2142591,65536
20170601,13.4,13.5,12.86,12.88,25430546.0,1932981,65536
20170602,12.98,13.0,12.48,13.0,43351772.0,3396319,65536
20170605,12.95,13.1,12.91,13.04,25676718.0,1972749,65536
20170606,13.03,13.2,12.93,13.19,36230408.0,2770340,65536
20170607,13.17,13.67,13.16,13.54,59347244.0,4415267,65536
20170608,13.56,14.28,13.48,13.91,81605304.0,5910289,65536
20170609,13.81,13.88,13.58,13.63,37261940.0,2726929,65536
20170612,13.57,13.87,13.32,13.66,54593348.0,4018508,65536
20170613,13.59,14.07,13.47,14.0,60947136.0,4398753,65536
20170614,13.93,14.17,13.85,13.98,44285348.0,3168306,65536
20170615,13.95,14.24,13.82,14.04,47321292.0,3361358,65536
20170616,14.11,14.49,14.0,14.08,53390776.0,3755576,65536
20170619,14.04,14.29,13.81,14.23,38484760.0,2741334,65536
20170620,14.15,14.3,14.01,14.02,45185060.0,3199491,65536
20170621,14.0,14.09,13.73,13.87,30887022.0,2225914,65536
20170622,13.86,13.9,13.64,13.66,33731448.0,2445114,65536
20170623,13.59,13.66,13.32,13.49,43927540.0,3248012,65536
20170626,13.45,13.69,13.45,13.69,28602324.0,2106674,65536
20170627,13.69,13.83,13.61,13.69,25438518.0,1852519,65536
20170628,13.69,13.69,13.45,13.46,24771952.0,1831857,65536
20170629,13.48,13.62,13.48,13.53,19745418.0,1459005,65536
20170630,13.46,13.55,13.4,13.54,17390602.0,1291576,65536
20170703,13.55,13.8,13.41,13.7,33156656.0,2446351,65536
20170704,13.71,13.75,13.63,13.68,25094742.0,1833867,65536
20170705,13.7,13.93,13.64,13.83,36011916.0,2611915,65536
20170706,13.87,14.05,13.76,13.98,60757316.0,4364983,65536
20170707,13.88,14.09,13.86,13.93,46113932.0,3300940,65536
20170710,13.81,13.91,13.63,13.72,33125012.0,2409472,65536
20170711,13.67,13.79,13.4,13.4,31154776.0,2284100,65536
20170712,13.4,13.5,13.23,13.3,33062036.0,2484204,65536
20170713,13.32,13.47,13.29,13.36,18132962.0,1358072,65536
20170714,13.36,13.45,13.32,13.44,14545009.0,1085721,65536
20170717,13.36,13.44,12.63,12.63,45974568.0,3582220,65536
20170718,12.72,12.75,12.52,12.72,15929552.0,1259346,65536
20170719,12.75,12.89,12.51,12.86,21735860.0,1708691,65536
20170720,12.85,12.98,12.76,12.81,17085912.0,1326100,65536
20170721,12.8,12.8,12.65,12.68,19179992.0,1509416,65536
20170724,12.56,12.82,12.56,12.74,18843750.0,1484600,65536
20170725,12.74,12.85,12.62,12.68,18150040.0,1426157,65536
20170726,12.68,12.79,12.6,12.79,17119344.0,1348611,65536
20170727,12.79,13.17,12.72,13.13,37984584.0,2914444,65536
20170728,13.01,13.14,12.95,12.95,25218380.0,1935800,65536
20170731,12.99,13.29,12.91,13.24,31172592.0,2376760,65536
20170801,13.19,13.24,13.07,13.19,21121306.0,1604356,65536
20170802,13.15,13.24,12.94,13.03,25623746.0,1963369,65536
20170803,12.89,13.2,12.88,13.11,23944970.0,1828281,65536
20170804,13.1,13.14,12.95,12.97,19414402.0,1489744,65536
20170807,12.97,13.17,12.95,13.11,14801819.0,1131623,65536
20170808,13.09,13.21,13.05,13.17,22392470.0,1703623,65536
20170809,13.16,13.28,13.14,13.24,22720836.0,1719923,65536
20170810,13.28,13.29,12.95,13.12,24962178.0,1901860,65536
20170811,13.0,13.24,12.96,13.07,19997760.0,1528916,65536
20170814,13.03,13.49,13.03,13.48,45505656.0,3414913,65536
20170815,13.47,13.6,13.38,13.45,21771338.0,1620816,65536
20170816,13.61,13.9,13.52,13.59,45176268.0,3304892,65536
20170817,13.52,13.74,13.48,13.67,30250664.0,2220172,65536
20170818,13.54,13.64,13.46,13.53,19965310.0,1475757,65536
20170821,13.59,13.64,13.48,13.6,20911172.0,1543000,65536
20170822,13.56,13.63,13.41,13.49,24404770.0,1809112,65536
20170823,13.52,13.55,13.4,13.46,18487164.0,1372900,65536
20170824,13.5,13.69,13.45,13.55,37385892.0,2755374,65536
20170825,13.56,13.63,13.45,13.59,26916370.0,1987759,65536
20170828,13.67,13.71,13.53,13.67,33927448.0,2489453,65536
20170829,13.69,13.83,13.58,13.68,27584782.0,2014855,65536
20170830,13.67,13.67,13.52,13.6,18832146.0,1385110,65536
20170831,13.6,13.66,13.55,13.59,20165558.0,1482622,65536
20170901,13.63,13.7,13.54,13.64,27800240.0,2044660,65536
20170904,13.61,13.77,13.56,13.71,41102668.0,3010732,65536
20170905,13.74,14.33,13.7,14.12,91736768.0,6528607,65536
20170906,14.05,14.08,13.9,13.97,40274148.0,2884041,65536
20170907,13.97,14.07,13.72,13.75,41845932.0,3013925,65536
20170908,13.76,13.85,13.69,13.85,25292554.0,1838290,65536
20170911,13.93,14.25,13.88,14.11,70126216.0,4964112,65536
20170912,14.12,14.16,13.85,13.91,45084632.0,3220038,65536
20170913,13.91,14.05,13.88,14.05,26006544.0,1862250,65536
20170914,14.03,14.38,13.93,14.25,63563352.0,4487787,65536
20170915,14.2,14.26,14.06,14.13,28675318.0,2029412,65536
20170918,14.12,14.19,14.04,14.11,24313152.0,1725880,65536
20170919,14.11,14.12,13.81,13.83,37903816.0,2717838,65536
20170920,13.81,14.0,13.78,13.93,27001602.0,1943547,65536
20170921,13.9,14.07,13.83,13.84,21312346.0,1527754,65536
20170922,13.81,13.84,13.5,13.53,31387720.0,2304234,65536
20170925,13.53,13.67,13.49,13.49,20034206.0,1476792,65536
20170926,13.49,13.59,13.23,13.3,23407766.0,1748999,65536
20170927,13.3,13.37,13.26,13.33,17298816.0,1299781,65536
20170928,13.33,13.48,13.29,13.42,17348948.0,1295144,65536
20170929,13.42,13.75,13.39,13.73,21971772.0,1626164,65536
20171009,13.78,13.85,13.65,13.72,23362724.0,1704388,65536
20171010,13.72,13.8,13.67,13.79,27018580.0,1966945,65536
20171011,13.74,13.96,13.74,13.87,30740394.0,2221740,65536
20171012,13.88,13.97,13.75,13.88,26874860.0,1941186,65536
20171013,13.9,13.95,13.7,13.91,22257364.0,1610404,65536
20171016,13.9,13.9,13.61,13.71,23297392.0,1695300,65536
20171017,13.71,13.88,13.65,13.73,20482408.0,1491546,65536
20171018,13.76,13.77,13.62,13.65,23739392.0,1736592,65536
20171019,13.58,13.75,13.16,13.24,28852110.0,2161412,65536
20171020,13.35,13.55,13.23,13.47,19554370.0,1461100,65536
20171023,13.47,13.49,13.37,13.48,11598277.0,864680,65536
20171024,13.47,13.52,13.18,13.35,11022972.0,825800,65536
20171025,13.35,13.95,13.27,13.95,26805542.0,1974700,65536
20171026,13.8,14.29,13.61,14.18,78333184.0,5620543,65536
20171027,14.0,14.39,13.96,14.3,100818400.0,7109762,65536
20171030,14.37,14.37,13.74,14.0,88115304.0,6272527,65536
20171031,13.9,15.16,13.81,14.83,205605776.0,14071862,65536
20171101,14.85,14.9,14.57,14.77,117944224.0,8021306,65536
20171102,14.66,14.68,14.28,14.42,74571728.0,5158127,65536
20171103,14.44,14.58,14.15,14.33,61707220.0,4303702,65536
20171106,14.35,14.43,14.1,14.43,49741324.0,3484834,65536
20171107,14.41,14.43,14.15,14.27,52211544.0,3664496,65536
20171108,14.27,14.38,14.09,14.25,61363740.0,4317892,65536
20171109,14.3,14.53,14.2,14.45,67132984.0,4663767,65536
20171110,14.45,14.5,13.97,13.97,72228264.0,5111400,65536
20171113,13.92,14.02,13.64,13.75,62413152.0,4544325,65536
20171114,13.72,13.76,13.42,13.47,38099500.0,2811414,65536
20171115,13.5,13.6,13.41,13.56,25265192.0,1867444,65536
20171116,13.53,13.62,13.22,13.5,19608042.0,1455895,65536
20171117,13.48,13.53,12.55,12.6,57998136.0,4488546,65536
20171120,12.6,12.69,11.85,12.35,30646868.0,2523277,65536
20171121,12.33,12.35,12.22,12.25,16946958.0,1381484,65536
20171122,12.25,12.33,12.1,12.13,16236703.0,1330743,65536
20171123,12.14,12.52,11.95,11.99,24034636.0,1963743,65536
20171124,12.0,12.14,11.99,12.07,13637498.0,1130827,65536
20171127,12.07,12.23,12.01,12.03,12672486.0,1047800,65536
20171128,12.09,12.28,12.08,12.23,14186163.0,1163380,65536
20171129,12.23,12.23,11.86,12.06,15366103.0,1276571,65536
20171130,12.0,12.1,12.0,12.05,9598658.0,796002,65536
20171201,12.05,12.28,12.03,12.17,14174915.0,1163500,65536
20171204,12.17,12.3,12.11,12.13,13859391.0,1136108,65536
20171205,12.12,12.13,11.5,11.59,23691504.0,2004908,65536
20171206,11.58,11.67,11.24,11.56,24821454.0,2172140,65536
20171207,11.47,11.61,11.44,11.46,14167945.0,1231940,65536
20171208,11.47,11.64,11.37,11.57,15380054.0,1333501,65536
20171211,11.56,11.68,11.56,11.66,14763284.0,1270585,65536
20171212,11.63,11.67,11.5,11.51,12694292.0,1096200,65536
20171213,11.49,11.64,11.26,11.48,31152204.0,2726245,65536
20171214,11.45,11.57,11.44,11.55,16191584.0,1409100,65536
20171215,11.51,11.59,11.47,11.55,13012351.0,1127216,65536
20171218,11.54,11.54,11.31,11.4,11092511.0,969492,65536
20171219,11.4,11.55,11.4,11.54,12051892.0,1048053,65536
20171220,11.61,11.61,11.28,11.28,15207732.0,1335554,65536
20171221,11.3,11.3,11.05,11.2,13885970.0,1241516,65536
20171222,11.15,11.32,11.1,11.24,11718488.0,1044126,65536
20171225,11.21,11.3,11.02,11.06,11777233.0,1060400,65536
20171226,11.06,11.2,11.01,11.17,15239698.0,1374623,65536
20171227,11.16,11.22,11.08,11.14,11794289.0,1056900,65536
20171228,11.09,11.34,11.08,11.25,15032551.0,1337274,65536
20171229,11.24,11.36,11.11,11.2,16144517.0,1440000,65536
20180102,11.36,11.85,11.33,11.65,43304180.0,3724900,65536
20180103,11.63,11.84,11.55,11.84,38985080.0,3324839,65536
20180104,11.83,11.87,11.67,11.83,26642838.0,2261942,65536
20180105,11.82,11.82,11.7,11.76,12333932.0,1050322,65536
20180108,11.72,11.88,11.72,11.85,21409318.0,1813375,65536
20180109,11.93,11.93,11.7,11.72,14847471.0,1260975,65536
20180110,11.71,11.97,11.68,11.77,24241672.0,2053424,65536
20180111,11.73,11.96,11.71,11.95,23462754.0,1972126,65536
20180112,11.9,12.14,11.87,12.01,24573430.0,2040622,65536
20180115,12.05,12.05,11.61,11.65,29834112.0,2523517,65536
20180116,11.74,11.82,11.64,11.81,17626396.0,1502285,65536
20180117,11.81,11.84,11.59,11.82,21739248.0,1858504,65536
20180118,11.82,12.3,11.71,12.27,41310256.0,3404918,65536
20180119,12.27,12.33,12.07,12.14,27308812.0,2246962,65536
20180122,12.14,12.21,11.89,12.11,18777818.0,1557812,65536
20180123,12.09,12.36,12.04,12.35,24259842.0,1985771,65536
20180124,12.35,12.36,12.18,12.24,19483596.0,1590345,65536
20180125,12.26,12.34,12.15,12.2,19671324.0,1604458,65536
20180126,12.16,12.26,12.16,12.18,10556186.0,865200,65536
20180129,12.08,12.25,12.05,12.05,12697407.0,1048461,65536
20180130,12.02,12.55,12.02,12.47,36970104.0,2991551,65536
20180131,12.37,13.2,12.31,12.54,80608512.0,6324141,65536
20180201,12.4,12.54,11.55,11.59,63366352.0,5318276,65536
20180202,11.59,11.89,11.41,11.62,32595200.0,2788993,65536
20180205,11.5,11.97,11.5,11.7,25245076.0,2153100,65536
20180206,11.38,11.78,10.53,11.01,31678418.0,2801800,65536
20180207,11.25,11.36,10.91,11.23,18380010.0,1644930,65536
20180208,11.23,11.37,11.16,11.32,15924228.0,1407886,65536
20180209,10.89,11.38,10.89,11.37,22986838.0,2047786,65536
20180212,11.4,11.57,11.34,11.48,14783839.0,1289900,65536
20180213,11.5,11.7,11.3,11.31,22595008.0,1987185,65536
20180214,11.38,11.41,11.24,11.32,10846062.0,959159,65536
20180222,11.32,11.55,11.3,11.5,16792036.0,1473104,65536
20180223,11.43,11.56,11.43,11.46,18545188.0,1618412,65536
20180226,11.46,11.72,11.42,11.7,17888620.0,1541602,65536
20180227,11.66,11.69,11.55,11.6,22132624.0,1904900,65536
20180228,11.58,11.97,11.5,11.79,25487154.0,2163899,65536
20180301,11.72,11.9,11.66,11.89,22302900.0,1887205,65536
20180302,11.82,12.11,11.73,11.77,28147410.0,2371300,65536
20180305,11.77,12.28,11.65,12.23,41513600.0,3461047,65536
20180306,12.23,12.39,12.08,12.34,27440076.0,2238860,65536
20180307,12.3,12.56,12.17,12.39,29556708.0,2389856,65536
20180308,12.38,12.39,12.14,12.22,20756662.0,1698644,65536
20180309,12.23,12.39,12.15,12.25,19023678.0,1553420,65536
20180312,12.26,12.4,12.18,12.26,35078476.0,2863884,65536
20180313,12.25,13.41,12.2,13.02,132901328.0,10294388,65536
20180314,12.88,13.2,12.76,12.92,64426636.0,4976756,65536
20180315,12.8,13.05,12.7,13.0,33615608.0,2607683,65536
20180316,12.91,13.1,12.88,12.9,22179242.0,1710420,65536
20180319,12.91,13.3,12.87,13.21,40386872.0,3077002,65536
20180320,13.17,13.17,12.74,12.96,38622772.0,2987030,65536
20180321,12.96,13.1,12.72,12.78,24712290.0,1908010,65536
20180322,12.78,12.9,12.46,12.59,29147674.0,2313344,65536
20180323,12.14,12.45,11.5,11.77,35033400.0,2924642,65536
20180326,11.5,12.04,11.5,11.96,17255074.0,1461122,65536
20180327,11.99,12.45,11.99,12.26,18468836.0,1507657,65536
20180328,12.14,12.5,12.02,12.3,15668051.0,1270022,65536
20180329,12.38,12.57,12.3,12.47,17622168.0,1414500,65536
20180330,12.56,12.67,12.44,12.63,15097454.0,1200831,65536
20180402,12.78,12.8,12.36,12.4,27521136.0,2203900,65536
20180403,12.25,12.44,12.2,12.32,13173642.0,1068787,65536
20180404,12.48,12.69,12.33,12.45,24044080.0,1918190,65536
20180409,12.35,12.59,12.1,12.59,25388866.0,2042122,65536
20180410,12.61,12.93,12.54,12.75,35331568.0,2769467,65536
20180411,12.75,12.89,12.66,12.88,28907546.0,2264010,65536
20180412,12.79,12.94,12.73,12.78,22120274.0,1722383,65536
20180413,12.74,12.88,12.63,12.69,15863182.0,1242266,65536
20180416,12.7,12.7,12.36,12.44,18176788.0,1453483,65536
20180417,12.56,12.57,12.18,12.19,16458839.0,1331318,65536
20180418,12.21,12.4,12.03,12.34,18771152.0,1534170,65536
20180419,12.34,12.45,12.25,12.27,17483354.0,1414500,65536
20180420,12.2,12.81,12.2,12.6,42009844.0,3341085,65536
20180423,12.7,12.7,11.96,12.0,39713312.0,3237085,65536
20180424,11.9,12.2,11.9,12.09,24917288.0,2063550,65536
20180425,12.05,12.11,11.88,11.97,23702010.0,1976702,65536
20180426,12.0,12.07,11.55,11.56,25041614.0,2133950,65536
20180427,11.66,11.81,11.54,11.73,15289962.0,1307350,65536
20180502,11.96,12.0,11.66,11.82,20425202.0,1724500,65536
20180503,11.81,12.05,11.57,12.04,25915270.0,2185586,65536
20180504,12.04,12.26,12.0,12.13,23630326.0,1941799,65536
20180507,12.16,12.43,12.1,12.39,28496068.0,2321382,65536
20180508,12.29,12.59,12.23,12.43,37004940.0,2991099,65536
20180509,12.47,12.84,12.39,12.76,48643044.0,3838735,65536
20180510,12.7,12.96,12.52,12.69,57686928.0,4515992,65536
20180511,12.69,12.95,12.41,12.56,55183860.0,4374489,65536
20180514,12.53,13.02,12.51,13.02,85106216.0,6603683,65536
20180515,12.99,12.99,12.75,12.94,56755512.0,4410527,65536
20180516,12.94,13.48,12.86,13.24,95184864.0,7207894,65536
20180517,13.26,13.95,13.2,13.75,137509376.0,10047791,65536
20180518,13.67,13.79,13.3,13.58,89177488.0,6606723,65536
20180521,13.69,13.88,13.42,13.61,56464940.0,4135449,65536
20180522,13.61,13.87,13.5,13.67,59215848.0,4340981,65536
20180523,13.67,13.73,13.22,13.25,62035112.0,4632684,65536
20180524,13.29,13.47,13.27,13.34,45684732.0,3416527,65536
20180525,13.45,13.45,13.08,13.14,37194452.0,2803788,65536
20180528,13.18,13.64,13.04,13.58,72922528.0,5454751,65536
20180529,13.45,13.55,13.15,13.26,43015532.0,3220043,65536
20180530,13.01,13.1,12.64,12.79,71314608.0,5529392,65536
20180531,13.0,14.07,12.79,13.93,158952592.0,11679018,65536
20180601,13.52,13.92,13.33,13.54,109794512.0,8054433,65536
20180604,13.6,14.07,13.55,13.81,107711128.0,7817177,65536
20180605,13.72,14.3,13.66,14.29,133335240.0,9483360,65536
20180606,14.2,14.23,13.95,14.22,79703176.0,5650707,65536
20180607,14.2,14.23,13.67,13.74,84512280.0,6100296,65536
20180608,13.7,13.9,13.36,13.54,55690952.0,4093714,65536
20180611,13.5,13.75,13.31,13.4,35189728.0,2607549,65536
20180612,13.44,13.55,12.95,13.39,51792528.0,3911272,65536
20180613,13.31,13.46,13.05,13.05,34597428.0,2613428,65536
20180614,13.1,13.39,13.0,13.18,42119112.0,3190935,65536
20180615,13.14,13.18,12.25,12.39,58814112.0,4668825,65536
20180619,12.33,12.33,11.15,11.45,54013696.0,4604950,65536
20180620,11.45,11.8,11.3,11.67,29986312.0,2590347,65536
20180621,11.67,11.68,10.93,10.94,45531908.0,4049389,65536
20180622,10.86,11.2,10.8,11.06,24264418.0,2193545,65536
20180625,11.15,11.31,11.09,11.13,21994540.0,1967794,65536
20180626,11.13,11.29,10.9,11.18,31236694.0,2797682,65536
20180627,11.18,11.38,10.89,11.02,33734728.0,3028817,65536
20180628,11.09,11.25,10.97,11.05,27582430.0,2479262,65536
20180629,11.15,11.42,11.04,11.36,31739454.0,2816185,65536
20180702,11.34,11.37,10.77,10.94,35453504.0,3204700,65536
20180703,10.92,11.1,10.62,11.1,26774736.0,2453020,65536
20180704,11.1,11.1,10.73,10.8,19230854.0,1770300,65536
20180705,10.8,10.94,10.3,10.3,22857274.0,2159031,65536
20180706,10.3,10.65,10.16,10.47,21213070.0,2028839,65536
20180709,10.56,10.89,10.5,10.85,20062122.0,1870800,65536
20180710,10.85,10.9,10.74,10.85,11454241.0,1057449,65536
20180711,10.69,10.69,10.26,10.47,19401704.0,1845657,65536
20180712,10.49,10.89,10.47,10.8,19044146.0,1772186,65536
20180713,10.84,10.86,10.67,10.8,12278538.0,1142507,65536
20180716,10.86,11.18,10.8,11.1,25411094.0,2299382,65536
20180717,11.1,11.22,10.82,11.15,23324178.0,2111039,65536
20180718,11.24,11.28,11.04,11.06,21087792.0,1888596,65536
20180719,11.06,11.18,10.84,10.98,13604755.0,1239929,65536
20180720,10.9,11.15,10.87,11.12,13937111.0,1260290,65536
20180723,11.16,11.3,11.02,11.2,21304434.0,1909190,65536
20180724,11.15,11.41,11.15,11.36,26199020.0,2314849,65536
20180725,11.28,11.4,11.17,11.21,22380006.0,1988164,65536
20180726,11.21,11.34,11.12,11.17,13898379.0,1242100,65536
20180727,11.22,11.22,11.05,11.06,11255984.0,1011300,65536
20180730,11.07,11.14,10.72,10.83,15516836.0,1420400,65536
20180731,10.77,10.9,10.75,10.87,9913934.0,913969,65536
20180801,10.87,11.0,10.6,10.69,14034931.0,1290263,65536
20180802,10.69,10.77,9.93,10.22,25566228.0,2489604,65536
20180803,10.22,10.4,10.12,10.16,12355363.0,1207272,65536
20180806,10.24,10.35,10.06,10.14,15088944.0,1485014,65536
20180807,10.16,10.37,10.09,10.37,11687569.0,1139504,65536
20180808,10.36,10.36,9.89,10.0,19934272.0,1964851,65536
20180809,9.93,10.22,9.91,10.16,17882234.0,1766640,65536
20180810,10.16,10.21,10.0,10.17,14347450.0,1417639,65536
20180813,10.0,10.22,10.0,10.21,13116660.0,1297404,65536
20180814,10.23,10.41,10.19,10.28,17152542.0,1669446,65536
20180815,10.22,10.3,10.02,10.06,11589846.0,1145300,65536
20180816,10.01,10.12,9.87,10.04,12260904.0,1222923,65536
20180817,11.04,11.04,11.04,11.04,33718048.0,3054171,65536
20180820,10.99,11.0,10.3,10.72,81071144.0,7558396,65536
20180821,10.51,11.56,10.35,10.82,76644208.0,7002671,65536
20180822,10.6,10.69,10.44,10.45,44781040.0,4249893,65536
20180823,10.4,10.62,10.26,10.49,32261424.0,3085602,65536
20180824,10.49,10.57,10.31,10.48,21645126.0,2076341,65536
20180827,10.61,10.76,10.31,10.65,32259118.0,3055613,65536
20180828,10.6,10.69,10.41,10.59,30813190.0,2927170,65536
20180829,10.55,10.98,10.5,10.94,44555888.0,4141844,65536
20180830,10.81,10.9,10.62,10.63,26723136.0,2485600,65536
20180831,10.66,10.66,10.35,10.36,15456202.0,1477050,65536
20180903,10.31,10.5,10.1,10.39,16659159.0,1619250,65536
20180904,10.35,10.63,10.32,10.51,17262168.0,1644490,65536
20180905,10.48,10.53,10.18,10.2,14264488.0,1378502,65536
20180906,10.21,10.25,10.12,10.13,9273486.0,911200,65536
20180907,10.11,10.34,10.11,10.19,8867424.0,868488,65536
20180910,10.19,10.19,10.0,10.01,11259180.0,1121800,65536
20180911,10.01,10.09,9.91,10.01,7521296.5,751758,65536
20180912,10.04,10.11,10.0,10.07,7837195.0,778858,65536
20180913,10.15,10.2,10.02,10.13,9409127.0,931353,65536
20180914,10.19,10.19,10.0,10.05,7177214.5,710123,65536
20180917,10.05,10.06,9.84,9.87,11250830.0,1134465,65536
20180918,9.81,10.05,9.8,10.01,8279557.5,832800,65536
20180919,10.02,10.12,9.96,10.09,12161931.0,1210400,65536
20180920,10.1,10.16,10.06,10.1,9296942.0,920400,65536
20180921,10.12,10.25,10.1,10.23,16575698.0,1627878,65536
20180925,10.18,10.23,10.13,10.23,8959666.0,880820,65536
20180926,10.23,10.26,10.13,10.19,12408702.0,1216701,65536
20180927,10.19,10.22,9.98,10.01,11002717.0,1091500,65536
20180928,10.08,10.13,9.97,10.09,8054818.0,801102,65536
20181008,9.95,9.97,9.5,9.6,17449150.0,1790400,65536
20181009,9.64,9.74,9.58,9.6,9374164.0,971500,65536
20181010,9.67,9.7,9.52,9.59,5474749.0,570100,65536
20181011,9.35,9.35,8.63,8.66,19926808.0,2231500,65536
20181012,8.66,8.71,8.11,8.58,15695615.0,1863200,65536
20181015,8.57,8.74,8.45,8.53,8875362.0,1030600,65536
20181016,8.53,8.68,8.2,8.29,10634721.0,1263676,65536
20181017,8.4,8.5,8.3,8.44,8968672.0,1069400,65536
20181018,8.34,8.34,8.11,8.17,6177164.5,754161,65536
20181019,8.08,8.38,8.03,8.33,8237868.0,998651,65536
20181022,8.38,9.07,8.38,8.78,17732250.0,2039822,65536
20181023,8.78,8.92,8.56,8.61,10641463.0,1222402,65536
20181024,8.51,8.78,8.51,8.61,9561263.0,1105105,65536
20181025,8.13,8.66,8.13,8.58,11947481.0,1415407,65536
20181026,8.6,8.71,8.45,8.62,17860408.0,2083303,65536
20181029,8.61,8.63,8.41,8.45,10357935.0,1216068,65536
20181030,8.42,8.68,8.38,8.65,16031705.0,1868000,65536
20181031,8.67,8.83,8.6,8.77,19004504.0,2180601,65536
20181101,8.8,8.9,8.7,8.72,22994344.0,2612769,65536
20181102,8.85,9.07,8.76,9.02,26893932.0,2995245,65536
20181105,8.98,9.09,8.89,8.98,17390254.0,1937439,65536
20181106,8.96,8.96,8.75,8.89,17312632.0,1960914,65536
20181107,8.89,8.99,8.81,8.83,15897585.0,1784720,65536
20181108,8.92,8.95,8.8,8.84,15826141.0,1785530,65536
20181109,8.8,8.89,8.73,8.74,14937495.0,1699200,65536
20181112,8.76,9.06,8.75,9.02,22224060.0,2487300,65536
20181113,8.93,9.28,8.91,9.17,32807978.0,3603746,65536
20181114,9.13,9.51,9.13,9.22,39672016.0,4256483,65536
20181115,9.18,9.49,9.18,9.44,27162182.0,2899984,65536
20181116,9.46,9.9,9.39,9.68,35903980.0,3714686,65536
20181119,9.68,9.8,9.52,9.65,22744928.0,2367173,65536
20181120,9.61,9.64,9.35,9.41,20604518.0,2172647,65536
20181121,9.37,9.49,9.27,9.45,12694013.0,1353447,65536
20181122,9.58,9.59,9.4,9.53,15627544.0,1645694,65536
20181123,10.48,10.48,9.51,9.53,93826528.0,9394065,65536
20181126,9.28,10.08,9.28,9.48,57739640.0,6001658,65536
20181127,9.36,9.55,9.08,9.28,48736956.0,5251001,65536
20181128,9.16,9.38,9.05,9.37,27274676.0,2957562,65536
20181129,9.4,9.43,8.7,9.04,21553474.0,2345800,65536
20181130,9.02,9.13,8.8,9.06,13308531.0,1484566,65536
20181203,9.26,9.45,9.21,9.43,24007934.0,2565266,65536
20181204,9.45,9.66,9.37,9.59,24609314.0,2587322,65536
20181205,9.4,9.56,9.33,9.47,19808232.0,2093229,65536
20181206,9.48,9.48,9.23,9.25,15521286.0,1662862,65536
20181207,9.26,9.39,9.17,9.32,12687935.0,1370066,65536
20181210,9.26,9.29,9.12,9.25,8224546.5,891431,65536
20181211,9.26,9.33,9.15,9.24,10796364.0,1169899,65536
20181212,9.23,9.26,9.14,9.21,11700078.0,1275000,65536
20181213,9.23,9.3,9.11,9.25,12197510.0,1322599,65536
20181214,9.22,9.23,8.95,9.0,14581841.0,1609300,65536
20181217,8.98,8.98,8.81,8.92,9223277.0,1037490,65536
20181218,8.9,8.9,8.73,8.78,7714090.0,876500,65536
20181219,8.82,8.82,8.66,8.72,7300634.0,837266,65536
20181220,8.72,8.81,8.69,8.77,7974349.5,911899,65536
20181221,8.77,8.77,8.61,8.73,7367500.5,848004,65536
20181224,8.72,8.83,8.65,8.81,6553693.5,747494,65536
20181225,8.72,8.73,8.46,8.7,8141910.0,948600,65536
20181226,8.86,9.42,8.82,9.08,35173036.0,3854696,65536
20181227,9.01,9.05,8.82,8.85,18317000.0,2046400,65536
20181228,8.87,8.9,8.73,8.78,9251212.0,1050100,65536
20190102,8.78,8.8,8.65,8.66,12573809.0,1445900,65536
20190103,8.66,8.89,8.63,8.7,9946642.0,1139202,65536
20190104,8.58,8.9,8.55,8.89,11754476.0,1337294,65536
20190107,8.98,9.05,8.89,9.04,11375745.0,1267100,65536
20190108,9.02,9.08,8.95,9.02,6965846.0,772438,65536
20190109,9.02,9.14,8.95,8.98,11967121.0,1321516,65536
20190110,9.04,9.04,8.93,8.97,8210889.0,915100,65536
20190111,8.96,9.01,8.86,9.0,14961811.0,1678041,65536
20190114,9.0,9.0,8.89,8.94,8347872.0,934371,65536
20190115,8.94,9.03,8.83,8.99,14744459.0,1652800,65536
20190116,8.99,9.13,8.95,9.11,15049593.0,1662272,65536
20190117,9.13,9.13,9.01,9.03,14384781.0,1585677,65536
20190118,9.02,9.15,8.96,9.15,12159210.0,1340563,65536
20190121,9.13,9.22,9.08,9.14,12103806.0,1321933,65536
20190122,9.15,9.17,8.97,9.05,11430776.0,1263453,65536
20190123,9.01,9.05,8.85,9.01,10160000.0,1135783,65536
20190124,9.05,9.15,8.95,9.13,13720839.0,1512000,65536
20190125,9.14,9.14,9.01,9.05,8265185.0,911800,65536
20190128,9.05,9.28,9.02,9.06,18633480.0,2050902,65536
20190129,8.99,9.0,8.4,8.8,12892336.0,1468196,65536
20190130,8.79,9.06,8.65,8.76,10506006.0,1193300,65536
20190131,8.73,8.76,8.33,8.54,15268823.0,1782736,65536
20190201,8.58,8.71,8.52,8.7,11773217.0,1365600,65536
20190211,8.72,8.96,8.63,8.9,14495075.0,1641400,65536
20190212,8.88,9.04,8.88,9.01,15091078.0,1681100,65536
20190213,9.0,9.16,8.95,9.12,25667610.0,2828700,65536
20190214,9.08,9.15,9.06,9.11,16144865.0,1773500,65536
20190215,9.08,9.13,9.05,9.1,12970379.0,1427700,65536
20190218,9.12,9.37,9.11,9.32,33887508.0,3672463,65536
20190219,9.31,9.55,9.26,9.33,40395392.0,4306500,65536
20190220,9.33,9.36,9.15,9.36,26040466.0,2814002,65536
20190221,9.35,9.59,9.26,9.45,44491324.0,4706818,65536
20190222,9.41,9.57,9.3,9.56,31422954.0,3319158,65536
20190225,9.65,9.99,9.5,9.95,63246392.0,6480001,65536
20190226,9.9,10.12,9.8,9.92,51285044.0,5164918,65536
20190227,9.91,10.17,9.76,9.91,49802972.0,4981780,65536
20190228,9.9,10.01,9.8,10.0,37207800.0,3753125,65536
20190301,9.95,10.03,9.87,10.01,21463732.0,2156243,65536
20190304,10.01,10.26,9.99,10.18,58893928.0,5811995,65536
20190305,10.23,10.3,10.1,10.28,42934320.0,4211108,65536
20190306,10.35,10.4,10.16,10.39,56467168.0,5497936,65536
20190307,10.33,11.19,10.32,10.63,84068408.0,7848776,65536
20190308,10.4,10.54,9.9,9.9,66410108.0,6473091,65536
20190311,10.0,10.36,9.97,10.34,45793044.0,4503932,65536
20190312,10.3,10.67,10.3,10.49,80900600.0,7753875,65536
20190313,10.43,10.86,10.37,10.4,74857288.0,7038253,65536
20190314,10.43,10.45,9.96,10.08,42095684.0,4147500,65536
20190315,10.13,10.31,10.01,10.2,40279264.0,3939660,65536
20190318,10.21,10.43,10.18,10.41,40578272.0,3931446,65536
20190319,10.44,10.56,10.25,10.4,43196888.0,4145200,65536
20190320,10.39,10.51,10.15,10.33,39664572.0,3854253,65536
20190321,10.35,10.49,10.31,10.45,43141228.0,4140087,65536
20190322,10.46,10.7,10.24,10.61,53481892.0,5100688,65536
20190325,10.42,10.59,10.33,10.41,43361564.0,4145500,65536
20190326,10.4,10.54,10.18,10.19,38631076.0,3725377,65536
20190327,10.21,10.29,10.05,10.23,26957298.0,2652150,65536
20190328,10.22,10.27,9.95,9.98,29601114.0,2929100,65536
20190329,10.03,10.25,9.9,10.25,36084704.0,3565200,65536
20190401,10.28,10.88,10.28,10.81,74993488.0,7062054,65536
20190402,10.81,10.9,10.66,10.74,56210228.0,5214374,65536
20190403,10.8,10.94,10.68,10.84,54622400.0,5049077,65536
20190404,11.0,11.0,10.73,10.84,44917692.0,4140168,65536
20190408,10.86,11.02,10.6,10.78,48788888.0,4509436,65536
20190409,10.75,10.92,10.67,10.9,33625596.0,3110802,65536
20190410,10.91,11.0,10.67,10.93,50039056.0,4607806,65536
20190411,10.97,10.97,10.69,10.75,37744868.0,3492222,65536
20190412,10.62,10.78,10.48,10.65,32131632.0,3030711,65536
20190415,10.74,10.92,10.38,10.41,32682676.0,3050500,65536
20190416,10.36,10.68,10.36,10.66,28443940.0,2707802,65536
20190417,10.65,10.81,10.6,10.74,26499758.0,2472570,65536
20190418,10.75,10.85,10.5,10.53,33143752.0,3119502,65536
20190419,10.54,10.7,10.41,10.68,29824368.0,2833451,65536
20190422,10.73,10.73,10.35,10.37,28543540.0,2721900,65536
20190423,10.37,10.42,10.1,10.17,25398184.0,2474300,65536
20190424,10.17,10.29,10.11,10.28,17994966.0,1761902,65536
20190425,10.27,10.27,9.85,9.87,28397100.0,2826580,65536
20190426,9.86,9.93,9.73,9.73,19453330.0,1982230,65536
20190429,9.79,9.82,9.46,9.53,22120956.0,2297808,65536
20190430,9.51,9.65,9.44,9.56,20576740.0,2150100,65536
20190506,9.39,9.44,8.86,8.91,29015902.0,3182402,65536
20190507,8.93,9.09,8.88,8.96,18245724.0,2032200,65536
20190508,8.6,8.9,8.6,8.77,17508392.0,1993402,65536
20190509,8.77,8.84,8.7,8.7,11313860.0,1289861,65536
20190510,8.77,8.96,8.67,8.96,19974460.0,2250061,65536
20190513,8.89,8.94,8.81,8.85,11962063.0,1347754,65536
20190514,8.78,8.87,8.72,8.82,8898101.0,1008608,65536
20190515,8.83,9.0,8.83,8.99,15083578.0,1687718,65536
20190516,8.99,9.14,8.91,9.1,18985430.0,2099792,65536
20190517,9.09,9.09,8.69,8.72,19904808.0,2247814,65536
20190520,8.72,8.72,8.44,8.63,12767857.0,1489815,65536
20190521,8.66,8.79,8.56,8.73,9205392.0,1056600,65536
20190522,8.73,8.8,8.65,8.66,7864397.5,902108,65536
20190523,8.66,8.84,8.5,8.8,17652204.0,2029571,65536
20190524,8.7,8.89,8.61,8.78,14085989.0,1603206,65536
20190527,8.79,9.01,8.79,8.97,14349312.0,1607285,65536
20190528,8.97,9.03,8.88,8.89,11488742.0,1282800,65536
20190529,8.87,8.93,8.8,8.9,9895113.0,1116600,65536
20190530,8.85,9.78,8.8,9.05,23760296.0,2603373,65536
20190531,9.07,9.1,8.96,9.02,12295563.0,1360600,65536
20190603,9.06,9.08,8.81,8.85,10355072.0,1161800,65536
20190604,8.9,9.64,8.9,8.98,16858012.0,1864785,65536
20190605,9.1,9.1,8.88,8.9,9581949.0,1068885,65536
20190606,8.94,8.99,8.64,8.9,9380118.0,1069334,65536
20190610,8.86,8.86,8.72,8.82,8833887.0,1005092,65536
20190611,8.82,9.04,8.76,9.04,15143498.0,1689985,65536
20190612,8.99,9.04,8.92,8.96,10248686.0,1144034,65536
20190613,8.95,9.02,8.91,9.0,9424243.0,1049492,65536
20190614,8.98,9.0,8.8,8.8,8470877.0,951821,65536
20190617,8.82,8.83,8.72,8.76,4404269.5,502302,65536
20190618,8.78,8.81,8.73,8.76,4730899.0,539600,65536
20190619,8.96,8.98,8.79,8.89,12752429.0,1434677,65536
20190620,8.87,9.07,8.82,9.07,20182862.0,2247898,65536
20190621,9.08,9.29,9.04,9.15,26027874.0,2837663,65536
20190624,9.14,9.18,9.08,9.13,16121908.0,1765470,65536
20190625,9.13,9.18,9.01,9.13,14628347.0,1609433,65536
20190626,9.13,9.23,9.07,9.19,12190884.0,1327594,65536
20190627,9.22,9.88,9.2,9.88,66456096.0,6938413,65536
20190628,9.63,10.47,9.55,9.98,121351880.0,11975252,65536
20190701,9.97,9.97,9.65,9.86,58090640.0,5929188,65536
20190702,9.77,9.87,9.56,9.58,41348616.0,4279320,65536
20190703,9.58,9.7,9.47,9.57,24295136.0,2539518,65536
20190705,9.56,9.75,9.5,9.53,23754592.0,2474800,65536
20190708,9.49,9.49,8.8,8.9,34960144.0,3858800,65536
20190709,8.94,8.98,8.75,8.86,12173489.0,1375008,65536
20190710,8.92,8.95,8.8,8.87,8729039.0,985308,65536
20190711,8.81,8.96,8.81,8.83,6999882.0,789508,65536
20190712,8.8,8.88,8.78,8.83,7550279.0,855400,65536
20190715,8.81,8.84,8.47,8.73,14950336.0,1727123,65536
20190716,8.7,8.79,8.7,8.71,7054995.0,807600,65536
20190717,8.76,8.82,8.67,8.73,7284676.0,831600,65536
20190718,8.76,8.76,8.62,8.66,7586893.0,875100,65536
20190719,8.62,8.8,8.62,8.72,6715832.0,769500,65536
20190722,8.74,8.74,8.49,8.49,10347441.0,1210100,65536
20190723,8.5,8.58,8.5,8.57,4779225.0,559900,65536
20190724,8.61,8.68,8.57,8.66,6101452.0,706500,65536
20190725,8.63,8.69,8.62,8.65,6262265.5,723702,65536
20190726,8.65,8.69,8.63,8.65,5022021.0,580200,65536
20190729,8.66,8.68,8.63,8.66,4195757.5,485112,65536
20190730,8.66,8.74,8.66,8.72,6754278.0,775700,65536
20190731,8.73,8.73,8.63,8.64,4931205.0,569600,65536
20190801,8.63,8.69,8.58,8.64,5018898.0,581629,65536
20190802,8.49,8.63,8.45,8.5,10263079.0,1206329,65536
20190805,8.45,8.52,8.37,8.4,8017638.0,948700,65536
20190806,8.3,8.35,7.98,8.06,13260189.0,1637800,65536
20190807,8.17,8.17,8.02,8.04,4462959.0,552900,65536
20190808,8.1,8.13,8.06,8.08,5530019.0,683402,65536
20190809,8.12,8.13,8.01,8.03,7295790.0,904402,65536
20190812,8.0,8.09,7.96,8.09,4482284.0,557202,65536
20190813,8.02,8.05,7.99,8.01,3380507.0,421500,65536
20190814,8.1,8.13,8.04,8.04,5615173.0,695400,65536
20190815,7.91,8.03,7.86,8.01,6655696.0,838800,65536
20190816,7.99,8.08,7.97,8.03,7808788.5,972010,65536
20190819,8.08,8.28,8.04,8.25,15023624.0,1843452,65536
20190820,8.25,8.28,8.16,8.21,10499657.0,1277481,65536
20190821,8.17,8.24,8.16,8.2,4649466.0,567500,65536
20190822,8.22,8.22,8.15,8.21,5456051.5,667300,65536
20190823,8.21,8.22,8.12,8.16,5357055.0,656327,65536
20190826,8.0,8.07,7.95,8.04,6867846.0,856199,65536
20190827,8.04,8.22,8.04,8.22,9107676.0,1114746,65536
20190828,8.23,8.3,8.18,8.19,8708444.0,1060482,65536
20190829,8.23,8.29,8.16,8.21,7043798.5,856329,65536
20190830,8.23,8.28,8.04,8.09,9479634.0,1161702,65536
20190902,8.07,8.26,8.07,8.26,9555228.0,1164902,65536
20190903,8.25,8.37,8.24,8.34,12017742.0,1446402,65536
20190904,8.36,8.36,8.28,8.35,8970653.0,1077300,65536
20190905,8.4,8.51,8.38,8.39,14291054.0,1691800,65536
20190906,8.4,8.47,8.36,8.43,8923806.0,1060100,65536
20190909,8.45,8.59,8.45,8.58,14894448.0,1743838,65536
20190910,8.58,8.69,8.5,8.68,18612492.0,2159502,65536
20190911,8.68,8.78,8.63,8.72,15987523.0,1832700,65536
20190912,8.7,8.85,8.67,8.81,16893250.0,1930412,65536
20190916,8.81,9.02,8.81,9.0,18017024.0,2014100,65536
20190917,9.0,9.05,8.81,8.87,17319826.0,1947402,65536
20190918,8.88,8.95,8.73,8.78,10019571.0,1140000,65536
20190919,8.73,8.89,8.73,8.89,7761005.0,881342,65536
20190920,8.88,9.01,8.82,8.99,15848888.0,1772900,65536
20190923,8.78,8.82,8.61,8.8,11694102.0,1341913,65536
20190924,8.71,8.9,8.71,8.85,14086718.0,1591900,65536
20190925,8.83,8.83,8.65,8.68,11981511.0,1371882,65536
20190926,8.77,8.81,8.5,8.55,10812702.0,1251600,65536
20190927,8.52,8.71,8.51,8.67,7186376.0,830800,65536
20190930,8.6,8.76,8.59,8.63,6189191.0,713400,65536
20191008,8.63,8.72,8.4,8.52,8975389.0,1046800,65536
20191009,8.43,8.57,8.41,8.53,6704540.0,792000,65536
20191010,8.55,9.11,8.44,9.05,35197312.0,3922063,65536
20191011,8.92,9.01,8.81,8.95,21469284.0,2403700,65536
20191014,8.94,9.18,8.94,9.02,17118612.0,1890427,65536
20191015,9.05,9.24,8.95,9.18,22172724.0,2429271,65536
20191016,9.23,9.23,8.95,8.98,17083616.0,1887110,65536
20191017,8.94,9.24,8.92,9.15,19565362.0,2140144,65536
20191018,9.15,9.44,9.08,9.32,41488324.0,4456952,65536
20191021,9.2,9.45,9.01,9.2,25995968.0,2831371,65536
20191022,9.42,10.12,9.41,10.12,147702224.0,14811929,65536
20191023,10.35,10.79,9.93,9.99,208652784.0,20179581,65536
20191024,9.7,10.5,9.7,10.09,171693024.0,16889798,65536
20191025,9.99,10.09,9.38,9.51,138119216.0,14333331,65536
20191028,9.25,9.37,9.11,9.28,81461624.0,8827165,65536
20191029,9.29,9.29,9.01,9.01,58854868.0,6471528,65536
20191030,8.96,9.08,8.8,8.82,31818138.0,3575532,65536
20191031,8.85,8.93,8.58,8.64,27294176.0,3130500,65536
20191101,8.65,8.74,8.57,8.72,18967968.0,2188702,65536
20191104,8.65,8.76,8.62,8.66,18160620.0,2089000,65536
20191105,8.68,8.84,8.53,8.77,19663216.0,2250400,65536
20191106,8.77,8.82,8.62,8.65,14729612.0,1699500,65536
20191107,8.79,8.79,8.65,8.69,8859287.0,1019879,65536
20191108,8.7,8.77,8.61,8.61,11774857.0,1355900,65536
20191111,8.6,8.6,8.02,8.26,18923230.0,2277937,65536
20191112,8.16,8.35,8.15,8.32,13879165.0,1681302,65536
20191113,8.31,8.41,8.25,8.37,9766301.0,1170602,65536
20191114,8.3,8.42,8.26,8.36,8339320.0,999152,65536
20191115,8.37,8.37,8.21,8.22,7912257.0,955900,65536
20191118,8.34,8.4,8.2,8.31,11121776.0,1339300,65536
20191119,8.26,8.46,8.25,8.42,13858891.0,1650100,65536
20191120,8.4,8.5,8.35,8.38,7078013.0,843617,65536
20191121,8.39,8.7,8.27,8.6,25852058.0,3030402,65536
20191122,8.55,8.7,8.3,8.4,19676470.0,2321122,65536
20191125,8.35,8.49,8.24,8.3,12344409.0,1482144,65536
20191126,8.3,8.33,8.25,8.29,6759616.5,815698,65536
20191127,8.25,8.35,8.18,8.27,6266356.5,758320,65536
20191128,8.27,8.35,8.19,8.21,7998868.0,969700,65536
20191129,8.21,8.3,8.16,8.23,5635130.0,684100,65536
20191202,8.27,8.3,8.21,8.24,5047481.0,611544,65536
20191203,8.3,8.3,8.2,8.28,5144850.0,624400,65536
20191204,8.25,8.29,8.23,8.28,4020430.0,486400,65536
20191205,8.28,8.37,8.28,8.32,10749334.0,1290244,65536
20191206,8.32,8.46,8.3,8.45,12551182.0,1496850,65536
20191209,8.49,8.49,8.37,8.42,8432416.0,1001500,65536
20191210,8.4,8.45,8.29,8.43,11744994.0,1402700,65536
20191211,8.42,8.45,8.34,8.36,8451285.0,1009200,65536
20191212,8.35,8.38,8.22,8.27,11837335.0,1426302,65536
20191213,8.3,8.41,8.3,8.39,10060286.0,1203036,65536
20191216,8.4,8.53,8.39,8.51,12951917.0,1530070,65536
20191217,8.5,8.66,8.47,8.6,16675376.0,1947170,65536
20191218,8.63,8.63,8.53,8.56,18068690.0,2108400,65536
20191219,8.62,8.65,8.57,8.64,13816915.0,1604869,65536
20191220,8.72,8.73,8.59,8.61,13239257.0,1529300,65536
20191223,8.89,9.2,8.73,8.83,56431152.0,6304353,65536
20191224,8.67,9.08,8.55,9.0,52657040.0,5994864,65536
20191225,8.88,9.35,8.84,9.23,66521376.0,7285559,65536
20191226,9.2,9.92,9.13,9.69,84259560.0,8782711,65536
20191227,9.67,9.8,9.38,9.54,62392552.0,6512780,65536
20191230,9.42,9.81,9.35,9.43,55309628.0,5808761,65536
20191231,9.3,9.72,9.12,9.72,73836416.0,7790361,65536
20200102,10.08,10.6,9.95,10.11,137053072.0,13404776,65536
20200103,9.94,10.22,9.68,9.78,98966392.0,10022504,65536
20200106,9.54,9.8,9.51,9.63,70750848.0,7360300,65536
20200107,9.69,10.2,9.58,9.76,58693848.0,6000315,65536
20200108,9.58,9.72,9.26,9.28,60845912.0,6457342,65536
20200109,9.37,9.49,9.33,9.42,39239236.0,4168200,65536
20200110,9.46,9.5,9.25,9.33,41418324.0,4422900,65536
20200113,9.33,9.45,9.19,9.43,32984480.0,3530059,65536
20200114,9.43,9.44,9.28,9.29,33290196.0,3561136,65536
20200115,9.29,9.39,9.23,9.27,24680376.0,2652100,65536
20200116,9.24,9.35,9.17,9.17,21668098.0,2348301,65536
20200117,9.18,9.48,9.18,9.41,42455272.0,4536263,65536
20200120,9.31,9.4,9.23,9.35,28144968.0,3022036,65536
20200121,9.35,9.41,9.13,9.13,27476618.0,2961403,65536
20200122,9.14,9.14,8.92,9.04,23578310.0,2615331,65536
20200123,8.68,8.75,8.44,8.53,37784504.0,4383275,65536
20200203,7.68,7.68,7.68,7.68,5755392.0,749400,65536
20200204,6.91,7.45,6.91,7.26,41184348.0,5751400,65536
20200205,7.22,7.44,7.2,7.31,25538162.0,3480206,65536
20200206,7.3,7.47,7.28,7.42,21797848.0,2947214,65536
20200207,7.48,7.56,7.34,7.55,26722044.0,3590100,65536
20200210,7.51,8.04,7.42,7.98,47891212.0,6191242,65536
20200211,7.86,7.95,7.66,7.71,31819058.0,4096459,65536
20200212,7.73,7.83,7.67,7.78,21457728.0,2764560,65536
20200213,7.78,7.82,7.63,7.64,18409476.0,2393200,65536
20200214,7.61,7.77,7.61,7.65,15155628.0,1972600,65536
20200217,7.69,7.87,7.6,7.86,20880830.0,2677557,65536
20200218,7.87,7.99,7.84,7.96,24606382.0,3105445,65536
20200219,7.93,8.04,7.85,7.86,23221796.0,2925900,65536
20200220,7.89,8.03,7.8,8.02,28868014.0,3629102,65536
20200221,8.0,8.11,7.96,8.01,31396722.0,3917700,65536
20200224,7.97,8.0,7.84,7.97,34430296.0,4345260,65536
20200225,7.79,7.88,7.59,7.79,31372112.0,4048137,65536
20200226,7.66,8.02,7.66,7.83,32960844.0,4177104,65536
20200227,7.83,7.96,7.83,7.95,20548820.0,2597200,65536
20200228,7.8,8.4,7.6,8.29,94678216.0,11739283,65536
20200302,8.55,8.55,8.01,8.38,81737640.0,9847920,65536
20200303,8.21,9.2,8.21,8.8,110657688.0,12893803,65536
20200304,8.69,9.18,8.61,9.08,102578664.0,11409564,65536
20200305,8.95,9.07,8.82,9.02,68535608.0,7663400,65536
20200306,8.88,9.47,8.83,9.1,94529768.0,10295130,65536
20200309,9.14,9.14,8.52,8.53,70069160.0,8004246,65536
20200310,8.3,8.45,8.13,8.41,50051232.0,6022200,65536
20200311,8.45,8.72,8.33,8.42,43466476.0,5124300,65536
20200312,8.3,8.4,8.1,8.17,32232356.0,3931320,65536
20200313,7.81,8.04,7.76,7.96,26188822.0,3315562,65536
20200316,8.07,8.28,7.18,7.71,26415060.0,3311650,65536
20200317,7.68,7.87,7.51,7.86,23085136.0,3005144,65536
20200318,7.99,8.2,7.8,7.81,26782142.0,3348659,65536
20200319,7.77,7.89,7.57,7.84,14731845.0,1903699,65536
20200320,7.9,7.99,7.81,7.91,9145165.0,1162200,65536
20200323,7.78,7.78,7.52,7.54,11236727.0,1466600,65536
20200324,7.62,7.74,7.55,7.74,9656561.0,1260100,65536
20200325,7.86,7.89,7.77,7.83,15066906.0,1926522,65536
20200326,7.78,7.97,7.69,7.87,14764012.0,1894296,65536
20200327,8.66,8.66,8.6,8.66,72393688.0,8359708,65536
20200330,8.36,9.17,8.36,8.82,183466912.0,20883143,65536
20200331,8.5,8.66,8.2,8.2,100140760.0,11897645,65536
20200401,8.06,8.15,7.65,7.78,74185328.0,9458695,65536
20200402,7.72,7.81,7.61,7.8,37708444.0,4883965,65536
20200403,7.77,7.95,7.73,7.73,39405588.0,5027570,65536
20200407,7.81,7.89,7.73,7.86,37964996.0,4857144,65536
20200408,7.84,8.65,7.77,8.26,100860736.0,12244943,65536
20200409,8.21,8.44,8.09,8.33,80257304.0,9686791,65536
20200410,8.32,8.32,7.9,7.9,54707260.0,6783743,65536
20200413,7.88,8.07,7.71,7.95,31610438.0,3981143,65536
20200414,7.94,8.1,7.9,8.09,24314376.0,3033385,65536
20200415,7.88,8.05,7.78,7.81,33855348.0,4281895,65536
20200416,7.8,7.8,7.61,7.69,22784860.0,2956500,65536
20200417,7.72,7.79,7.64,7.66,18518128.0,2402628,65536
20200420,7.67,7.72,7.62,7.71,13511026.0,1760820,65536
20200421,7.7,7.75,7.53,7.62,17093008.0,2246142,65536
20200422,7.54,7.63,7.41,7.62,11600639.0,1538300,65536
20200423,7.6,7.72,7.55,7.57,12743228.0,1672044,65536
20200424,7.57,7.6,7.31,7.41,16227851.0,2178402,65536
20200427,7.41,7.45,7.31,7.34,11161669.0,1512702,65536
20200428,7.33,7.33,7.0,7.11,15280141.0,2143300,65536
20200429,7.13,7.2,7.0,7.04,13697921.0,1934200,65536
20200430,7.04,7.17,7.0,7.14,11363794.0,1596500,65536
20200506,7.11,7.28,7.05,7.26,14040901.0,1950920,65536
20200507,7.27,7.3,7.19,7.19,8777687.0,1214900,65536
20200508,7.2,7.33,7.2,7.29,10178052.0,1399600,65536
20200511,7.32,7.36,7.17,7.23,12065003.0,1665304,65536
20200512,7.26,7.48,7.26,7.36,19909096.0,2702600,65536
20200513,7.32,7.44,7.19,7.32,14979243.0,2051000,65536
20200514,7.32,7.42,7.29,7.33,13502086.0,1839600,65536
20200515,7.41,7.9,7.37,7.67,54795084.0,7121879,65536
20200518,7.57,7.61,7.39,7.42,33480102.0,4495151,65536
20200519,7.5,8.16,7.48,8.16,75606200.0,9601151,65536
20200520,8.21,8.58,8.02,8.17,112600328.0,13574086,65536
20200521,8.01,8.17,7.76,8.08,69522792.0,8770586,65536
20200522,8.0,8.07,7.7,8.0,44029980.0,5594839,65536
20200525,7.89,8.17,7.78,7.97,40689176.0,5083602,65536
20200526,7.93,8.1,7.81,7.96,45590044.0,5715402,65536
20200527,7.86,7.94,7.65,7.68,41060832.0,5287000,65536
20200528,7.84,7.84,7.46,7.48,31283970.0,4143191,65536
20200529,7.49,7.76,7.44,7.57,28550546.0,3760991,65536
20200601,7.63,8.03,7.63,7.87,45393156.0,5828318,65536
20200602,7.8,8.1,7.75,8.06,49072640.0,6164937,65536
20200603,8.06,8.42,7.99,8.17,63499804.0,7776100,65536
20200604,8.25,8.35,8.09,8.23,37873848.0,4604600,65536
20200605,8.26,8.56,8.15,8.33,64558348.0,7755435,65536
20200608,9.16,9.16,8.7,9.16,141688128.0,15618928,65536
20200609,10.07,10.08,10.06,10.08,96046808.0,9532202,65536
20200610,10.97,11.09,10.61,11.09,433502624.0,39280953,65536
20200611,11.97,12.2,11.97,12.2,158806016.0,13087943,65536
20200612,11.29,13.2,11.29,12.88,807467456.0,66420305,65536
20200615,12.8,13.0,11.59,11.59,636982080.0,53038532,65536
20200616,11.03,11.15,10.51,10.78,443827520.0,41020117,65536
20200617,10.68,10.99,10.45,10.86,324757632.0,30326705,65536
20200618,10.83,10.84,10.06,10.1,293973728.0,28309275,65536
20200619,10.0,10.35,9.9,10.22,200549120.0,19737997,65536
20200622,10.22,10.35,10.05,10.28,158785232.0,15570937,65536
20200623,10.27,10.43,10.11,10.15,138487632.0,13532046,65536
20200624,10.05,10.09,9.36,9.53,230968960.0,23842112,65536
20200629,10.48,10.48,10.48,10.48,98393720.0,9388714,65536
20200630,10.78,10.78,10.09,10.18,253711152.0,24527444,65536
20200701,10.1,10.67,10.04,10.49,225462512.0,21543645,65536
20200702,10.3,10.76,10.11,10.72,210403216.0,19918747,65536
20200703,11.0,11.37,10.31,10.61,265692432.0,24837376,65536
20200706,10.25,10.84,10.0,10.51,225572464.0,21685188,65536
20200707,10.6,11.2,10.33,11.0,264349504.0,24677304,65536
20200708,10.81,10.97,10.69,10.88,173416784.0,16030528,65536
20200709,10.79,11.25,10.7,11.09,195358224.0,17792437,65536
20200710,11.04,11.38,10.69,10.78,178252400.0,16136787,65536
20200713,10.78,11.0,10.55,11.0,171848384.0,15837632,65536
20200714,10.9,11.14,10.3,10.55,154433792.0,14450118,65536
20200715,10.7,10.77,10.21,10.25,92643608.0,8913071,65536
20200716,10.15,10.35,9.45,9.5,98224240.0,9971525,65536
20200717,9.57,9.58,9.21,9.27,73480096.0,7857552,65536
20200720,9.27,9.5,9.23,9.5,55761032.0,5942856,65536
20200721,9.51,9.77,9.37,9.67,62944196.0,6582960,65536
20200722,10.13,10.3,9.99,10.06,121918752.0,12049534,65536
20200723,9.87,9.98,9.66,9.82,64105680.0,6536032,65536
20200724,9.62,10.03,9.6,9.6,59739596.0,6111852,65536
20200727,9.41,9.74,9.41,9.55,28594366.0,2981159,65536
20200728,9.57,9.78,9.56,9.72,22779562.0,2360359,65536
20200729,9.63,9.84,9.54,9.81,38674928.0,3976427,65536
20200730,9.7,10.13,9.7,10.02,60897328.0,6098997,65536
20200731,10.0,10.08,9.85,10.04,46955844.0,4710075,65536
20200803,10.03,10.82,10.03,10.61,113561024.0,10940251,65536
20200804,10.6,10.78,10.29,10.37,83571288.0,7936972,65536
20200805,10.37,10.55,10.1,10.45,55508524.0,5334361,65536
20200806,10.55,10.57,10.06,10.17,62731224.0,6140530,65536
20200807,10.14,10.23,9.71,9.89,46825536.0,4719870,65536
20200810,9.79,10.11,9.74,9.98,28265632.0,2836850,65536
20200811,9.93,10.09,9.7,9.73,28854030.0,2907300,65536
20200812,9.74,9.78,9.39,9.55,40393752.0,4231900,65536
20200813,9.56,9.7,9.5,9.66,23674322.0,2456000,65536
20200814,9.6,9.76,9.51,9.66,21353606.0,2220200,65536
20200817,9.67,9.87,9.62,9.81,32690034.0,3356300,65536
20200818,9.74,9.88,9.74,9.86,22436156.0,2281900,65536
20200819,9.85,9.89,9.58,9.59,23918194.0,2466300,65536
20200820,9.61,9.86,9.42,9.62,25532160.0,2635800,65536
20200821,9.7,10.57,9.65,10.15,80594472.0,7988687,65536
20200824,10.17,10.17,9.83,10.06,48401296.0,4846329,65536
20200825,10.0,10.48,9.86,10.21,78016560.0,7632101,65536
20200826,10.29,10.59,10.11,10.54,114532576.0,10993081,65536
20200827,10.55,10.6,10.18,10.6,84366200.0,8065255,65536
20200828,10.52,10.58,10.41,10.45,59450792.0,5664300,65536
20200831,10.33,10.43,10.0,10.1,72626072.0,7105334,65536
20200901,10.02,10.43,10.0,10.28,51619984.0,5030178,65536
20200902,10.41,10.41,10.1,10.28,50990396.0,4974048,65536
20200903,10.27,10.41,10.07,10.17,36598136.0,3583000,65536
20200904,10.02,11.17,9.99,10.77,135907328.0,12881530,65536
20200907,10.99,11.0,10.5,10.61,152659920.0,14225207,65536
20200908,10.65,10.93,10.45,10.6,64149112.0,6027900,65536
20200909,10.46,10.64,10.0,10.1,64538404.0,6280378,65536
20200910,10.16,10.23,9.64,9.64,52360732.0,5289345,65536
20200911,9.63,9.85,9.43,9.79,24164080.0,2493200,65536
20200914,9.78,10.03,9.76,9.82,21952608.0,2221930,65536
20200915,9.84,10.35,9.76,10.28,40245332.0,3996600,65536
20200916,10.21,10.3,10.01,10.02,28732438.0,2841930,65536
20200917,10.0,10.0,9.78,9.81,28068168.0,2846202,65536
20200918,9.72,9.91,9.72,9.88,21016284.0,2142202,65536
20200921,9.89,10.02,9.81,9.86,17692818.0,1787838,65536
20200922,9.73,10.08,9.73,9.97,23490888.0,2372932,65536
20200923,9.99,10.06,9.79,10.05,25956776.0,2610682,65536
20200924,9.99,10.38,9.95,10.09,53416892.0,5275542,65536
20200925,10.08,10.3,9.38,9.39,64922116.0,6643978,65536
20200928,9.4,9.49,8.61,8.67,58958732.0,6600186,65536
20200929,8.66,9.34,8.64,9.1,46816048.0,5193548,65536
20200930,9.13,9.18,8.73,8.78,33526236.0,3765804,65536
20201009,8.88,9.45,8.87,9.3,38962848.0,4239724,65536
20201012,9.36,9.55,9.26,9.5,35319308.0,3747800,65536
20201013,9.58,9.58,9.38,9.49,24421928.0,2579802,65536
20201014,9.48,9.57,9.23,9.3,27970748.0,2982920,65536
20201015,9.3,9.34,9.15,9.23,21462490.0,2322034,65536
20201016,9.0,9.52,9.0,9.44,54106824.0,5774312,65536
20201019,9.42,9.6,9.27,9.3,26004962.0,2756852,65536
20201020,9.24,9.48,9.15,9.44,23026264.0,2470400,65536
20201021,9.43,9.86,9.28,9.72,53998588.0,5614294,65536
20201022,9.62,9.71,9.38,9.41,41274104.0,4348902,65536
20201023,9.43,9.47,9.2,9.28,21094080.0,2269199,65536
20201026,9.16,9.24,9.05,9.08,18327038.0,2005462,65536
20201027,8.92,9.09,8.92,8.99,13193207.0,1467700,65536
20201028,8.94,9.03,8.83,8.92,20033006.0,2253229,65536
20201029,8.83,8.98,8.78,8.78,16683563.0,1884320,65536
20201030,9.06,9.45,9.02,9.08,65091896.0,7038614,65536
20201102,8.96,9.78,8.96,9.66,85933512.0,9062018,65536
20201103,9.7,10.12,9.52,9.88,63306700.0,6412360,65536
20201104,10.01,10.87,9.88,10.87,215929936.0,20414413,65536
20201105,11.25,11.96,11.2,11.96,295813280.0,25504963,65536
20201106,12.51,13.16,11.55,11.96,442713056.0,35729522,65536
20201109,11.88,13.16,11.82,13.16,292232352.0,23512150,65536
20201110,14.21,14.22,12.33,12.75,369950240.0,28459176,65536
20201111,12.95,13.9,12.41,12.64,326716512.0,24948792,65536
20201112,12.87,13.9,12.77,13.9,462379104.0,33940285,65536
20201113,14.68,15.29,14.68,15.29,112814568.0,7473946,65536
20201116,16.82,16.82,15.73,16.82,907102528.0,54411236,65536
20201117,17.02,18.5,15.88,16.23,1080460160.0,62558137,65536
20201118,16.6,17.17,15.35,15.48,837517440.0,51480837,65536
20201119,15.21,17.03,15.21,17.03,754092096.0,46027318,65536
20201120,17.0,17.0,15.33,15.33,261667264.0,16668400,65536
20201123,14.96,15.0,13.93,14.02,640478400.0,44676325,65536
20201124,14.1,14.19,13.58,13.72,380816416.0,27548892,65536
20201125,13.7,13.78,13.21,13.32,252573920.0,18760722,65536
20201126,13.26,14.0,13.19,13.85,343380384.0,25094997,65536
20201127,13.79,14.29,13.15,13.43,290156448.0,21195003,65536
20201130,13.53,14.0,13.26,13.95,300498176.0,21940869,65536
20201201,13.91,14.28,13.66,14.06,272961568.0,19476832,65536
20201202,13.85,13.89,12.8,13.09,349469760.0,26324288,65536
20201203,12.98,13.44,12.7,13.13,236570240.0,18068224,65536
20201204,13.15,13.48,13.03,13.21,197611120.0,14893683,65536
20201207,13.15,14.53,13.15,14.53,330029504.0,23361053,65536
20201208,15.0,15.98,14.62,15.98,277849600.0,18035106,65536
20201209,16.88,17.58,16.4,17.58,782211072.0,45209748,65536
20201210,17.3,19.34,17.3,19.34,618084480.0,32595521,65536
20201211,20.2,21.27,18.54,21.27,1259028736.0,63244327,65536
20201214,23.12,23.4,22.0,23.4,724998336.0,31391108,65536
20201215,24.55,25.74,24.0,24.72,1872628736.0,75800053,65536
20201216,24.44,24.87,22.98,23.75,1481541504.0,62196865,65536
20201217,24.15,24.28,21.38,22.02,1576248832.0,71741013,65536
20201218,22.38,23.16,21.22,21.57,1467137024.0,65770068,65536
20201221,21.52,23.73,21.52,23.73,1842959360.0,80355059,65536
20201222,21.9,21.9,21.36,21.36,488733152.0,22795600,65536
20201223,19.88,20.9,19.22,19.32,1243815936.0,63486656,65536
20201224,19.1,20.38,19.1,20.0,1003567232.0,50879529,65536
20201225,19.44,21.78,18.81,20.56,1131752704.0,54962795,65536
20201228,19.8,22.62,19.78,22.62,1006411328.0,46871583,65536
20201229,23.12,24.88,21.88,24.88,1317971328.0,54317467,65536
20201230,26.0,27.37,24.88,27.37,569826496.0,21407085,65536
20201231,30.1,30.11,24.63,24.63,2358252032.0,84916878,65536
20210104,23.26,25.96,23.26,25.0,1631142912.0,65547592,65536
20210105,25.31,26.79,24.33,25.32,1545095552.0,60185823,65536
20210106,24.84,25.25,22.79,23.03,1132334336.0,48197594,65536
20210107,22.69,22.88,21.8,22.15,855535488.0,38436046,65536
20210108,22.22,24.14,21.02,23.42,1045574144.0,45983203,65536
20210111,23.01,24.1,21.71,22.67,847770560.0,37050441,65536
20210112,22.48,22.74,21.52,22.3,621255488.0,28172433,65536
20210113,22.02,23.87,21.81,23.26,862363648.0,37587449,65536
20210114,22.9,23.2,20.93,20.93,667868928.0,30872102,65536
20210115,20.2,20.79,19.32,19.77,551678400.0,27731668,65536
20210118,19.77,20.79,19.29,20.25,496397856.0,24798301,65536
20210119,20.27,22.28,20.27,22.28,597979712.0,28004828,65536
20210120,22.87,24.51,22.66,23.33,1233919232.0,51827533,65536
20210121,22.51,23.99,22.31,22.65,890240128.0,38796842,65536
20210122,22.7,22.98,20.8,22.32,709358720.0,32549685,65536
20210125,21.97,24.45,21.4,22.77,853206592.0,37197976,65536
20210126,22.01,23.62,21.65,23.28,673929664.0,29612784,65536
20210127,23.0,23.16,20.95,20.95,654527296.0,30000542,65536
20210128,20.4,22.32,20.05,21.0,496026016.0,23137261,65536
20210129,21.34,21.94,20.5,21.12,450826208.0,21175302,65536
20210201,20.89,22.32,20.65,22.14,503739456.0,23363600,65536
20210202,21.78,22.18,21.12,21.47,414099904.0,19275599,65536
20210203,21.37,23.62,20.45,22.02,701059584.0,31886899,65536
20210204,22.03,24.22,21.78,24.22,865699712.0,36365008,65536
20210205,24.89,26.64,24.0,26.64,1621169664.0,64136191,65536
20210208,27.3,27.38,23.98,23.98,1134191360.0,46243770,65536
20210209,22.94,25.54,21.58,23.98,984446272.0,41650087,65536
20210210,24.01,26.38,24.01,26.38,1091185280.0,42213839,65536
20210218,27.05,28.99,25.74,27.09,1401809152.0,51049271,65536
20210219,26.83,29.8,25.67,29.8,1336196480.0,47840896,65536
20210222,29.03,32.78,29.03,30.85,1816150528.0,57785059,65536
20210223,30.02,33.66,28.57,33.49,1658439168.0,53888493,65536
20210224,32.5,35.11,30.99,31.0,1620144768.0,49042195,65536
20210225,31.0,31.99,29.1,29.45,1125784832.0,37004303,65536
20210226,28.93,30.68,28.65,29.68,836540224.0,28167265,65536
20210301,29.62,32.58,29.0,32.34,1087021568.0,34741242,65536
20210302,32.0,33.48,31.28,32.58,1145522048.0,35226924,65536
20210303,32.01,35.41,31.21,34.12,1142938240.0,34483566,65536
20210304,33.63,36.49,33.58,34.0,1212311680.0,34903001,65536
20210305,33.4,33.4,30.6,30.6,1270436992.0,40955519,65536
20210308,29.8,31.15,28.7,29.15,905788096.0,30325961,65536
20210309,28.79,28.79,26.24,26.24,856832192.0,32083926,65536
20210310,25.9,28.44,24.84,27.99,900836096.0,34000300,65536
20210311,27.2,30.0,26.95,28.7,1022498496.0,35527423,65536
20210312,28.85,29.38,28.01,28.91,723893568.0,25171423,65536
20210315,28.26,28.45,27.29,27.35,564619328.0,20346243,65536
20210316,27.56,28.79,27.1,28.52,612304192.0,21718981,65536
20210317,28.0,29.85,27.9,29.28,730328448.0,25165558,65536
20210318,28.93,32.21,28.93,32.21,800034560.0,25606528,65536
20210319,32.5,34.0,31.81,32.81,1388210688.0,42020143,65536
20210322,32.6,35.78,32.22,35.08,1259874304.0,36843097,65536
20210323,34.41,34.75,31.57,31.57,1061655616.0,32619502,65536
20210324,30.18,34.73,29.7,34.73,1378793088.0,42482135,65536
20210325,34.76,35.76,32.3,32.62,1239354368.0,36507396,65536
20210326,33.01,35.1,32.77,32.81,1029855808.0,30578834,65536
20210329,32.08,36.09,31.93,36.09,1620697728.0,46726766,65536
20210330,36.1,39.11,35.26,37.69,1986485120.0,53635884,65536
20210331,37.1,38.41,35.32,36.7,1420707840.0,38573379,65536
20210401,36.84,40.37,35.9,39.29,1902130816.0,49259432,65536
20210402,38.91,41.0,38.02,39.25,1681411456.0,42685400,65536
20210406,38.33,40.17,37.29,37.81,1352083200.0,35140772,65536
20210407,37.03,38.99,37.03,37.76,1050218368.0,27677109,65536
20210408,37.19,40.56,36.7,39.09,1552686464.0,40392265,65536
20210409,38.58,39.46,37.76,38.06,1038309120.0,26993506,65536
20210412,37.9,38.8,35.08,37.03,1007367424.0,27191132,65536
20210413,36.5,38.11,36.05,37.12,697342336.0,18744569,65536
20210414,36.9,39.97,36.13,38.25,1285734400.0,33273929,65536
20210415,38.18,38.89,37.02,37.83,925871872.0,24449548,65536
20210416,37.88,39.5,37.58,37.69,934567488.0,24301522,65536
20210419,37.0,37.97,35.5,37.33,851201344.0,22958804,65536
20210420,37.06,38.88,36.58,38.19,1048390208.0,27546426,65536
20210421,37.77,42.01,37.36,42.01,1383363968.0,34352783,65536
20210422,43.19,46.21,42.44,46.21,2126267008.0,48139289,65536
20210423,46.9,46.91,43.45,45.01,1640018432.0,36454554,65536
20210426,45.42,48.45,44.9,45.59,1632412032.0,35157666,65536
20210427,45.01,50.15,45.01,50.15,2276053248.0,46873686,65536
20210428,49.75,55.17,49.2,55.17,2176061184.0,41344144,65536
20210429,55.19,58.85,51.02,52.95,2660537344.0,48791499,65536
20210430,52.96,57.75,52.96,55.4,2508646144.0,45126644,65536
20210506,55.41,60.94,54.1,58.11,3189507328.0,55004299,65536
20210507,57.76,57.78,52.3,52.3,1901295872.0,35332630,65536
20210510,50.5,53.9,50.5,53.26,1955449600.0,37444935,65536
20210511,52.01,54.43,48.0,52.74,2154926848.0,41917614,65536
20210512,52.01,58.01,51.32,58.01,2917219840.0,52439591,65536
20210513,57.0,58.4,52.52,55.09,2715727872.0,49187859,65536
20210514,55.0,55.0,51.5,52.5,1696413696.0,32237933,65536
20210517,51.88,55.5,50.9,54.3,1684776320.0,31329034,65536
20210518,54.55,57.07,53.5,56.07,1725059328.0,31063136,65536
20210519,56.0,61.58,54.8,58.32,2497060096.0,42569330,65536
20210520,57.22,63.45,57.22,58.76,2477514496.0,40989022,65536
20210521,58.5,59.87,54.41,57.51,1946545792.0,34451629,65536
20210524,57.11,59.2,56.08,57.94,1509726976.0,26216211,65536
20210525,57.93,62.52,57.12,61.44,2230583040.0,37116193,65536
20210526,62.1,62.9,60.03,61.27,1645817600.0,26792085,65536
20210527,60.66,66.96,58.52,65.49,2379992064.0,37629076,65536
20210528,65.01,69.98,65.0,65.0,2591566080.0,38537938,65536
20210531,65.06,70.87,63.78,69.55,2297154304.0,33798072,65536
20210601,70.31,71.6,65.55,68.78,2644083712.0,38628890,65536
20210602,66.5,67.69,63.0,66.34,2247626752.0,34340074,65536
20210603,65.0,68.5,64.31,66.16,1725517824.0,25881556,65536
20210604,65.0,66.73,63.06,63.65,1619962624.0,25082237,65536
20210607,57.29,57.29,57.29,57.29,168243536.0,2936700,65536
20210608,51.56,51.56,51.56,51.56,127987392.0,2482300,65536
20210609,49.06,55.9,49.06,51.1,2603115520.0,50628480,65536
20210610,49.3,52.17,48.44,49.89,2108079872.0,42457116,65536
20210611,50.13,50.66,45.21,46.03,2531587584.0,53691456,65536
20210615,47.0,47.14,45.18,45.52,1239642368.0,26911189,65536
20210616,45.0,45.75,43.11,43.17,1184930816.0,26915844,65536
20210617,44.27,44.84,43.28,44.18,1128162176.0,25596351,65536
20210618,44.2,47.2,43.3,46.83,1722801920.0,37556466,65536
20210621,46.08,51.5,45.89,51.0,2043390208.0,41550341,65536
20210622,50.77,54.3,50.06,52.97,1931608448.0,36755039,65536
20210623,52.97,54.96,51.5,53.02,1556664960.0,29370270,65536
20210624,52.88,53.55,51.15,51.43,1108473088.0,21276424,65536
20210625,51.9,54.48,51.55,52.88,1140031232.0,21490726,65536
20210628,53.11,56.26,52.66,56.22,1558427264.0,28650315,65536
20210629,55.5,56.79,53.53,55.18,1387728384.0,25196944,65536
20210630,54.59,55.61,53.78,54.02,883489536.0,16261678,65536
20210701,54.0,56.59,53.09,54.49,1280755584.0,23141596,65536
20210702,54.77,55.0,51.51,51.66,1075424384.0,20492669,65536
20210705,52.28,53.3,51.15,51.94,872275584.0,16716778,65536
20210706,52.45,52.5,47.48,48.91,1214262784.0,24600713,65536
20210707,48.6,51.42,48.03,50.51,848719040.0,16979248,65536
20210708,50.6,50.88,47.68,48.04,871060864.0,17839583,65536
20210709,47.6,48.95,47.1,48.8,669541632.0,13924617,65536
20210712,48.46,49.83,47.46,48.72,768056256.0,15742824,65536
20210713,48.3,49.43,47.05,47.86,655079296.0,13696564,65536
20210714,47.52,51.94,47.11,50.65,1315925760.0,26440655,65536
20210715,49.49,49.64,47.06,47.89,996568704.0,20770353,65536
20210716,47.07,47.07,45.2,45.46,662125184.0,14453977,65536
20210719,45.02,46.42,44.5,46.0,447837792.0,9767111,65536
20210720,46.12,47.65,45.9,46.91,572084608.0,12178731,65536
20210721,47.55,48.8,47.0,47.26,668989056.0,14029624,65536
20210722,47.1,47.76,45.2,45.45,693065856.0,15105547,65536
20210723,45.44,45.44,42.5,43.22,637932288.0,14619039,65536
20210726,42.81,42.89,38.9,38.9,797794688.0,19867014,65536
20210727,38.88,39.49,37.12,37.38,846499456.0,22048563,65536
20210728,37.08,38.55,35.13,37.59,623714880.0,16876734,65536
20210729,38.1,38.36,37.0,37.79,492838624.0,13021046,65536
20210730,37.01,38.8,36.39,38.22,561289152.0,14949956,65536
20210802,37.45,39.2,36.27,39.0,669833600.0,17644377,65536
20210803,38.84,39.86,38.22,38.6,612117184.0,15668026,65536
20210804,38.47,38.47,37.6,38.14,442998144.0,11667311,65536
20210805,37.6,37.88,36.88,36.91,438874112.0,11760989,65536
20210806,37.37,37.64,36.68,36.72,365770304.0,9864520,65536
20210809,36.0,38.2,35.5,37.39,373366976.0,9996313,65536
20210810,37.39,41.0,36.91,39.0,924060800.0,23743819,65536
20210811,38.46,38.72,36.5,36.69,806004288.0,21620037,65536
20210812,37.01,37.27,36.2,36.36,444177440.0,12137246,65536
20210813,36.0,36.78,35.6,35.8,363690208.0,10098226,65536
20210816,36.11,38.1,35.55,36.98,659331264.0,17904810,65536
20210817,36.84,37.16,35.18,35.7,513320768.0,14243853,65536
20210818,35.8,35.92,33.36,34.18,665567424.0,19511005,65536
20210819,33.95,34.58,33.59,33.95,415210592.0,12165325,65536
20210820,33.28,33.64,32.15,32.7,518139392.0,15783396,65536
20210823,33.03,34.65,32.8,34.37,676799552.0,19891376,65536
20210824,34.45,35.25,33.91,34.75,438070240.0,12609048,65536
20210825,34.05,35.1,33.92,34.42,384881344.0,11141086,65536
20210826,34.35,34.73,33.34,33.35,346711360.0,10230083,65536
20210827,33.18,33.6,32.85,32.98,277372224.0,8367105,65536
20210830,32.21,32.79,31.4,31.96,400694400.0,12523509,65536
20210831,31.97,32.8,30.82,31.2,374627072.0,11848169,65536
20210901,31.19,32.07,31.01,31.7,367758240.0,11622272,65536
20210902,32.0,32.1,30.84,30.89,283860320.0,9078090,65536
20210903,30.61,31.84,30.42,31.13,275242944.0,8793657,65536
20210906,31.0,33.16,30.87,32.63,525138304.0,16242275,65536
20210907,32.0,32.73,31.71,32.6,416853024.0,12932347,65536
20210908,32.58,33.19,32.04,32.25,277450592.0,8541724,65536
20210909,32.32,32.79,31.7,31.93,243308960.0,7581100,65536
20210910,31.74,32.2,31.51,31.82,214771504.0,6748225,65536
20210913,31.6,32.25,31.08,31.2,221315952.0,7023021,65536
20210914,31.22,32.14,30.51,30.75,323583968.0,10322295,65536
20210915,30.43,31.1,29.8,30.89,289302240.0,9454560,65536
20210916,30.75,32.5,30.7,30.74,491587648.0,15661704,65536
20210917,30.2,30.24,28.03,28.96,543475904.0,18771048,65536
20210922,28.3,30.4,28.24,29.86,383242016.0,12915500,65536
20210923,29.86,30.68,29.62,29.96,287676544.0,9542063,65536
20210924,29.96,32.0,29.36,30.9,667130496.0,21532895,65536
20210927,30.33,33.08,29.7,32.55,1110192512.0,34699533,65536
20210928,32.04,32.1,29.3,29.3,837199104.0,28071619,65536
20210929,28.37,28.38,26.37,26.37,727844544.0,26878433,65536
20210930,25.99,26.94,25.66,26.6,364143136.0,13779552,65536
20211008,26.65,29.26,26.65,29.26,653362560.0,22802280,65536
20211011,29.66,32.19,29.5,32.19,1053273984.0,33565793,65536
20211012,33.05,35.41,30.93,35.41,1569418752.0,46415095,65536
20211013,36.0,38.9,34.68,36.63,2336571392.0,63239955,65536
20211014,36.89,39.1,35.18,38.56,2154766848.0,58178003,65536
20211015,36.88,38.2,35.98,37.02,1504553728.0,40616750,65536
20211018,37.38,37.95,36.05,37.1,1137018752.0,30820206,65536
20211019,36.33,38.9,35.7,36.85,1394280064.0,37384522,65536
20211020,37.01,40.54,36.4,38.8,2343835904.0,60724716,65536
20211021,37.67,40.77,36.47,39.23,2057052160.0,53716431,65536
20211022,38.5,39.21,36.7,36.7,1362016000.0,35814977,65536
20211025,35.66,37.95,35.12,37.32,1089065472.0,29494793,65536
20211026,36.88,37.79,35.89,36.35,874862720.0,23873759,65536
20211027,36.12,36.78,35.1,35.33,776246272.0,21658317,65536
20211028,35.63,37.83,35.35,35.95,1166484096.0,32031186,65536
20211029,35.4,39.55,35.33,39.55,1476555264.0,38980746,65536
20211101,40.5,41.1,38.76,39.26,1944791680.0,48854823,65536
20211102,40.14,41.86,39.41,40.06,1945943936.0,47924672,65536
20211103,39.33,40.85,37.68,39.3,1382361216.0,34998271,65536
20211104,39.45,40.76,38.69,40.08,1343599872.0,33963625,65536
20211105,39.55,39.87,38.3,38.3,1053548736.0,26977785,65536
20211108,37.5,37.53,34.5,36.21,989361792.0,27533205,65536
20211109,36.01,37.58,35.76,36.5,727393088.0,19783830,65536
20211110,36.36,37.63,35.83,36.65,623902400.0,16987899,65536
20211111,36.44,36.7,35.21,35.69,647808640.0,18067634,65536
20211112,35.49,36.0,35.11,35.12,537149184.0,15169461,65536
20211115,35.02,37.48,34.7,37.17,949525504.0,26187009,65536
20211116,36.8,38.05,36.61,37.0,893031360.0,23903559,65536
20211117,37.16,37.83,36.35,37.26,703346688.0,18868792,65536
20211118,36.8,38.0,36.65,36.65,675098624.0,18136514,65536
20211119,36.36,37.45,35.35,37.09,800124224.0,22060714,65536
20211122,37.1,37.95,36.75,37.41,646369920.0,17297775,65536
20211123,37.1,39.0,36.82,38.75,912035584.0,23740706,65536
20211124,38.5,40.0,37.79,38.32,1149788416.0,29543686,65536
20211125,38.1,38.81,36.1,36.65,836970304.0,22390606,65536
20211126,36.43,37.2,35.8,36.59,482552672.0,13222925,65536
20211129,35.99,36.35,35.35,35.61,501165824.0,14026633,65536
20211130,35.6,36.31,35.4,36.12,400787744.0,11156704,65536
20211201,35.89,35.98,34.99,35.09,434283296.0,12327446,65536
20211202,35.1,35.36,34.88,35.23,265026304.0,7551271,65536
20211203,35.36,36.34,34.9,35.6,425567840.0,11925371,65536
20211206,35.4,35.6,32.3,32.32,785076736.0,23082371,65536
20211207,32.0,33.63,30.45,33.24,502238368.0,15420993,65536
20211208,32.99,33.37,32.01,32.92,387859200.0,11838110,65536
20211209,33.0,36.21,32.9,36.21,1061842176.0,30023750,65536
20211210,36.2,37.19,35.31,35.39,1169997568.0,32342709,65536
20211213,35.38,35.98,35.01,35.67,550366592.0,15478900,65536
20211214,35.36,36.45,35.24,35.4,534925760.0,14961517,65536
20211215,35.47,36.2,34.79,34.8,451160544.0,12754700,65536
20211216,34.5,35.59,34.35,34.68,390798208.0,11206900,65536
20211217,34.52,34.72,33.24,33.4,457650624.0,13577215,65536
20211220,33.05,33.78,33.0,33.02,281262048.0,8440632,65536
20211221,32.82,34.33,32.73,33.54,316053088.0,9437200,65536
20211222,33.5,33.88,33.06,33.39,263487168.0,7886081,65536
20211223,33.2,33.3,32.14,32.23,361924224.0,11131088,65536
20211224,32.22,32.52,31.4,31.54,332371552.0,10427294,65536
20211227,31.39,32.0,31.06,31.73,197359088.0,6232300,65536
20211228,31.73,32.76,31.66,32.48,277096928.0,8622521,65536
20211229,32.83,32.84,31.53,31.56,269108576.0,8398528,65536
20211230,31.4,32.82,31.2,31.82,264727392.0,8269296,65536
20211231,31.66,32.2,31.56,31.71,182971408.0,5756962,65536
20220104,31.59,32.29,31.57,31.93,199116336.0,6229660,65536
20220105,31.71,31.8,29.71,29.89,406279200.0,13301007,65536
20220106,29.65,30.94,29.58,30.45,246895744.0,8142618,65536
20220107,30.44,30.44,28.6,28.93,343292064.0,11627272,65536
20220110,28.92,29.66,28.38,29.38,216785216.0,7434425,65536
20220111,29.3,31.82,29.16,30.96,536567616.0,17285037,65536
20220112,30.36,30.94,29.6,30.34,306461088.0,10155255,65536
20220113,30.05,30.55,29.61,29.8,211403696.0,7044746,65536
20220114,29.61,29.97,28.85,28.88,214401408.0,7318402,65536
20220117,28.78,29.3,28.5,28.99,162031712.0,5602300,65536
20220118,28.99,28.99,27.5,28.12,286180256.0,10158019,65536
20220119,28.12,28.3,27.58,27.7,153854960.0,5524706,65536
20220120,27.5,27.85,26.7,26.81,216466688.0,7970994,65536
20220121,26.65,27.5,26.5,26.9,180290496.0,6692148,65536
20220124,27.1,27.3,26.52,27.12,143443184.0,5330442,65536
20220125,26.97,27.36,25.81,25.83,179405168.0,6824334,65536
20220126,25.72,26.1,25.5,25.86,113146440.0,4391450,65536
20220127,25.91,25.98,24.62,24.82,153903712.0,6099504,65536
20220128,24.97,25.78,24.85,25.57,182531776.0,7184906,65536
20220207,25.97,26.07,25.35,25.81,125314792.0,4856600,65536
20220208,25.92,26.31,25.4,26.08,137116832.0,5293600,65536
20220209,25.97,26.57,25.81,26.43,149937200.0,5705292,65536
20220210,26.45,27.12,26.1,26.18,173414688.0,6551400,65536
20220211,26.24,26.28,25.51,25.52,134179272.0,5196975,65536
20220214,25.36,26.85,25.18,26.15,212830192.0,8126350,65536
20220215,26.14,26.95,25.9,26.56,181851040.0,6874518,65536
20220216,26.52,27.1,26.2,26.81,227033344.0,8527834,65536
20220217,26.55,26.86,26.15,26.19,202920720.0,7696740,65536
20220218,26.2,26.44,25.81,26.31,105032368.0,4003940,65536
20220221,26.3,27.5,26.11,27.03,267712912.0,9920888,65536
20220222,26.71,27.07,25.87,26.02,228827936.0,8669600,65536
20220223,26.2,27.18,26.18,26.89,296169792.0,11056375,65536
20220224,26.87,27.18,25.3,25.74,318517024.0,12121208,65536
20220225,25.8,28.31,25.8,27.98,784367808.0,28070272,65536
20220228,27.12,28.1,27.06,27.56,566856512.0,20627877,65536
20220301,27.38,27.8,27.21,27.66,296403232.0,10791660,65536
20220302,27.46,28.06,27.08,27.69,299358400.0,10840427,65536
20220303,27.65,29.12,27.47,28.87,609906112.0,21374973,65536
20220304,28.51,29.49,28.42,28.51,490802784.0,16951027,65536
20220307,28.21,29.3,27.0,29.13,563392192.0,19682839,65536
20220308,28.61,28.97,27.23,27.43,417763424.0,14970148,65536
20220309,27.44,28.17,25.5,27.74,348251648.0,12746782,65536
20220310,28.08,28.77,27.4,27.94,366575072.0,13061234,65536
20220311,27.1,27.31,26.03,26.56,372077888.0,13965862,65536
20220314,26.05,26.05,24.55,24.57,305753344.0,12101564,65536
20220315,24.0,24.0,22.11,22.11,333444288.0,14597306,65536
20220316,22.0,22.6,21.08,22.43,261642256.0,11869272,65536
20220317,22.77,24.67,22.77,24.67,594122560.0,24500302,65536
20220318,24.61,24.91,23.67,24.09,387571424.0,16020842,65536
20220321,23.97,24.5,23.73,24.1,205313376.0,8523660,65536
20220322,24.02,24.02,23.51,23.58,156641168.0,6607844,65536
20220323,23.58,24.55,23.23,24.16,261238992.0,10846724,65536
20220324,23.96,24.2,23.69,23.75,158683920.0,6645124,65536
20220325,23.96,25.34,23.58,23.98,392132800.0,16018141,65536
20220328,23.58,24.6,23.1,24.19,245751744.0,10287545,65536
20220329,24.32,25.07,23.8,23.96,213884736.0,8802321,65536
20220330,23.93,25.26,23.57,24.84,343916864.0,13953329,65536
20220331,24.73,25.23,24.1,24.17,271850976.0,11037102,65536
20220401,23.99,24.38,23.62,24.02,157462768.0,6563235,65536
20220406,24.0,24.36,23.48,23.72,147393728.0,6182155,65536
20220407,24.1,24.1,22.79,22.81,175555104.0,7585100,65536
20220408,22.8,22.99,21.93,21.96,190047696.0,8558420,65536
20220411,21.85,21.9,20.65,20.91,158661536.0,7475758,65536
20220412,20.58,21.8,20.3,21.8,166333008.0,7943264,65536
20220413,21.36,21.55,20.74,20.86,119265128.0,5649800,65536
20220414,21.0,22.95,21.0,22.32,419538144.0,18664981,65536
20220415,21.8,22.43,21.58,21.7,267024608.0,12193640,65536
20220418,21.2,21.72,20.9,21.57,123484408.0,5778284,65536
20220419,21.68,22.68,21.36,22.01,228943792.0,10367492,65536
20220420,21.8,24.08,21.68,23.01,390491648.0,17105836,65536
20220421,22.82,25.31,22.71,24.92,925541440.0,37352477,65536
20220422,24.27,25.68,23.43,24.95,863786432.0,34861726,65536
20220425,23.86,23.86,22.46,22.46,416542624.0,18308362,65536
20220426,20.92,24.08,20.25,22.63,574198592.0,25829924,65536
20220427,22.01,22.91,20.85,22.15,441522432.0,20194087,65536
20220428,21.9,22.5,20.6,20.81,365725856.0,17151520,65536
20220429,21.09,22.89,21.01,22.89,480229568.0,21385920,65536
20220505,22.98,23.66,22.51,23.33,564430784.0,24302473,65536
20220506,22.99,24.0,22.71,23.09,412567968.0,17606713,65536
20220509,22.99,23.58,22.77,23.12,271893184.0,11745467,65536
20220510,22.73,23.28,22.15,22.96,272299328.0,11938660,65536
20220511,23.0,24.56,22.99,23.5,540227776.0,22736859,65536
20220512,23.33,25.5,23.3,24.86,610347968.0,24912951,65536
20220513,24.95,25.48,24.13,24.3,387630496.0,15800997,65536
20220516,24.55,26.73,24.55,26.73,695763072.0,26882047,65536
20220517,27.48,27.75,26.32,26.72,848734272.0,31376068,65536
20220518,26.4,28.04,25.8,26.8,725516416.0,26645362,65536
20220519,25.92,26.73,25.8,26.34,444477664.0,16978966,65536
20220520,26.34,27.66,26.34,26.77,458684000.0,17031192,65536
20220523,26.77,27.3,26.35,26.77,297923296.0,11156148,65536
20220524,26.58,26.59,25.05,25.15,341355328.0,13229148,65536
20220525,25.0,25.47,24.83,25.27,189151568.0,7513786,65536
20220526,25.4,25.66,24.5,25.32,216764896.0,8634700,65536
20220527,25.54,26.11,24.9,25.19,241330704.0,9458728,65536
20220530,25.32,27.71,25.2,27.26,723267648.0,26857067,65536
20220531,26.81,27.81,26.64,27.46,561175168.0,20606526,65536
20220601,27.46,28.0,26.5,26.94,406633280.0,14970084,65536
20220602,26.83,27.2,26.46,26.91,268667904.0,9997433,65536
20220606,26.95,27.88,26.6,27.45,401282624.0,14700011,65536
20220607,27.88,29.1,27.55,27.76,509459968.0,17975966,65536
20220608,27.58,27.74,26.2,27.11,452987104.0,16714656,65536
20220609,26.88,27.19,25.79,25.85,330282240.0,12547655,65536
20220610,25.55,26.1,25.4,25.96,221844064.0,8582922,65536
20220613,25.73,26.5,24.8,25.17,342542272.0,13467736,65536
20220614,25.17,25.3,24.5,25.21,222714240.0,8928206,65536
20220615,25.31,25.99,24.93,25.47,318505568.0,12565489,65536
20220616,25.49,26.48,25.36,26.1,359295328.0,13786418,65536
20220617,25.78,26.98,25.11,26.65,432734208.0,16529685,65536
20220620,26.67,28.1,26.6,26.8,473585984.0,17431643,65536
20220621,26.6,27.43,26.11,26.5,301745792.0,11274876,65536
20220622,26.5,26.68,25.47,25.54,272059872.0,10465506,65536
20220623,25.66,25.72,24.54,25.2,392769568.0,15730190,65536
20220624,25.31,25.78,25.01,25.51,265730064.0,10470033,65536
20220627,25.63,26.49,25.33,26.0,356131744.0,13762792,65536
20220628,26.05,26.14,25.25,25.7,294319104.0,11539452,65536
20220629,25.5,27.98,25.43,26.71,794451904.0,29566427,65536
20220630,26.75,28.8,26.75,28.28,850201408.0,30394276,65536
20220701,28.19,28.86,27.46,28.02,665987008.0,23777068,65536
20220704,27.96,29.11,27.55,28.3,551225024.0,19348752,65536
20220705,28.3,28.77,27.02,27.25,524354816.0,18855374,65536
20220706,26.98,27.33,25.88,26.44,461358112.0,17568255,65536
20220707,26.29,26.44,25.83,26.09,225254528.0,8630906,65536
20220708,26.18,26.65,26.01,26.18,241437968.0,9192758,65536
20220711,26.0,26.66,25.45,26.34,238884720.0,9117829,65536
20220712,26.1,27.1,25.65,26.93,341400000.0,12847363,65536
20220713,26.73,27.38,26.65,26.77,308131104.0,11393142,65536
20220714,26.66,26.89,26.06,26.08,249619472.0,9491622,65536
20220715,25.85,28.69,25.8,28.69,966905664.0,34186901,65536
20220718,28.69,30.66,28.25,29.66,1212301056.0,41364611,65536
20220719,29.31,32.0,29.31,31.05,1002224960.0,32401015,65536
20220720,31.2,34.16,31.0,33.0,1438759168.0,43198634,65536
20220721,33.04,33.18,31.58,32.16,915589504.0,28483225,65536
20220722,31.75,33.68,31.74,32.27,702257664.0,21521238,65536
20220725,31.97,32.59,31.5,32.55,420995552.0,13121055,65536
20220726,32.25,34.96,31.0,31.2,914227904.0,28063321,65536
20220727,32.1,33.82,31.72,33.09,859403008.0,26114477,65536
20220728,32.77,34.38,32.21,33.3,707494528.0,21136051,65536
20220729,33.02,33.4,31.62,32.71,520395424.0,16012239,65536
20220801,32.12,33.24,31.63,32.17,419118304.0,12864589,65536
20220802,32.25,32.63,29.92,30.82,636432768.0,20615086,65536
20220803,30.83,31.2,29.55,29.68,458061440.0,15157684,65536
20220804,29.92,30.25,28.8,29.73,335991648.0,11403411,65536
20220805,29.84,29.84,28.71,29.1,333954336.0,11428625,65536
20220808,29.12,29.56,28.44,29.37,275652288.0,9450964,65536
20220809,29.3,30.84,29.11,30.5,570361152.0,18844367,65536
20220810,30.89,31.92,30.02,31.37,511149984.0,16401055,65536
20220811,31.2,31.68,30.8,31.07,314510272.0,10091676,65536
20220812,30.97,31.86,30.21,31.39,385944160.0,12419095,65536
20220815,31.0,32.9,30.5,32.28,477637664.0,15071932,65536
20220816,31.99,32.38,30.75,31.04,387681280.0,12238417,65536
20220817,30.98,31.43,29.86,30.14,323438048.0,10653145,65536
20220818,30.0,30.39,29.35,29.63,250291616.0,8430438,65536
20220819,29.48,30.38,29.48,30.24,232639616.0,7752363,65536
20220822,30.24,30.46,29.5,30.45,186810864.0,6193193,65536
20220823,30.15,30.6,30.0,30.14,148665952.0,4908268,65536
20220824,30.02,31.83,29.88,30.36,369209152.0,11973184,65536
20220825,30.3,31.15,30.04,30.54,242979520.0,7963135,65536
20220826,30.25,31.14,29.7,29.92,205980688.0,6776713,65536
20220829,29.0,29.49,26.93,27.3,516316320.0,18726755,65536
20220830,26.81,27.63,26.78,27.02,209094752.0,7711158,65536
20220831,27.29,28.09,26.81,27.51,254727248.0,9290071,65536
20220901,27.31,27.5,24.76,25.03,471558144.0,18316223,65536
20220902,25.16,25.24,24.01,24.5,350192544.0,14305359,65536
20220905,24.46,24.57,23.47,23.99,302487136.0,12663423,65536
20220906,24.07,24.29,23.65,24.25,180397184.0,7502804,65536
20220907,24.25,24.35,23.85,23.98,177551024.0,7392426,65536
20220908,23.98,24.72,23.81,24.17,254961008.0,10501597,65536
20220909,24.0,26.17,24.0,25.24,392896192.0,15536399,65536
20220913,26.0,27.6,25.63,26.99,525110336.0,19607752,65536
20220914,25.88,26.28,24.99,25.38,433068768.0,17019441,65536
20220915,25.31,25.56,24.28,24.52,296454528.0,11992517,65536
20220916,24.49,24.99,24.11,24.11,171486848.0,7001698,65536
20220919,23.75,23.75,21.7,21.87,474965920.0,21253868,65536
20220920,22.01,23.13,22.01,22.97,314622880.0,13879442,65536
20220921,23.3,23.3,22.3,22.44,185471424.0,8220900,65536
20220922,22.4,22.66,21.8,21.96,162684112.0,7347394,65536
20220923,21.75,21.98,21.0,21.21,167027392.0,7801100,65536
20220926,21.2,21.85,20.51,21.41,138689168.0,6465394,65536
20220927,21.35,22.63,21.2,22.55,287670784.0,13065455,65536
20220928,22.1,22.55,21.77,21.9,175080960.0,7922728,65536
20220929,22.05,22.3,21.42,21.57,135783376.0,6222356,65536
20220930,21.7,22.12,21.34,21.52,120907960.0,5581092,65536
20221010,21.5,21.65,20.65,20.76,105361704.0,5005100,65536
20221011,20.54,20.81,20.2,20.69,102751472.0,5017079,65536
20221012,20.51,20.86,19.85,20.86,146459040.0,7213706,65536
20221013,20.88,21.24,20.68,20.79,134955792.0,6428850,65536
20221014,20.98,22.18,20.95,21.84,260072816.0,11968006,65536
20221017,21.83,22.1,21.45,21.82,207689168.0,9562450,65536
20221018,21.83,22.09,21.6,21.64,159054128.0,7298743,65536
20221019,21.7,22.49,21.1,22.16,276333888.0,12675532,65536
20221020,22.04,23.43,21.9,22.6,393638304.0,17265287,65536
20221021,22.05,22.16,21.13,21.18,262237936.0,12168008,65536
20221024,21.18,21.36,20.25,20.34,189426288.0,9179574,65536
20221025,20.26,20.42,19.8,20.17,125748648.0,6267901,65536
20221026,20.27,21.0,20.25,20.74,168575152.0,8130610,65536
20221027,20.68,20.8,20.27,20.47,143418240.0,6991022,65536
20221028,20.51,20.52,18.9,19.2,188815488.0,9684403,65536
20221031,18.9,19.24,18.2,18.86,107144456.0,5712213,65536
20221101,19.18,20.35,19.0,20.28,220353072.0,11189400,65536
20221102,19.99,21.8,19.99,20.71,321174976.0,15363713,65536
20221103,20.2,20.95,20.2,20.71,156762656.0,7617071,65536
20221104,20.75,21.86,20.73,21.38,272738368.0,12776819,65536
20221107,21.22,21.78,21.2,21.63,191944080.0,8915814,65536
20221108,21.68,21.72,21.21,21.42,126099520.0,5899619,65536
20221109,21.46,21.76,21.39,21.4,120423864.0,5591580,65536
20221110,21.7,21.98,21.38,21.58,212738880.0,9814805,65536
20221111,21.77,22.7,21.77,21.92,353424736.0,15831107,65536
20221114,21.6,22.19,21.3,21.5,253604128.0,11661460,65536
20221115,21.62,22.66,21.46,22.37,272839936.0,12309918,65536
20221116,22.49,22.8,22.13,22.2,246091360.0,10996880,65536
20221117,22.56,23.45,22.2,22.32,333621888.0,14686687,65536
20221118,22.18,24.23,22.01,23.6,673358720.0,28882944,65536
20221121,22.89,23.0,21.6,22.17,465598464.0,21076687,65536
20221122,22.05,22.06,21.1,21.2,337022080.0,15672126,65536
20221123,20.97,21.05,20.4,20.72,206733856.0,9999342,65536
20221124,20.73,21.34,20.65,20.88,156947696.0,7483618,65536
20221125,20.81,20.88,20.52,20.53,100602920.0,4865844,65536
20221128,20.28,20.63,19.89,20.63,98696536.0,4855629,65536
20221129,20.7,22.69,20.53,22.69,429487808.0,19590773,65536
20221130,22.5,23.57,22.5,23.21,580071296.0,25133873,65536
20221201,24.57,25.53,23.81,23.86,844036736.0,34208119,65536
20221202,24.22,24.46,23.51,23.83,336404992.0,14063963,65536
20221205,24.44,25.5,24.11,25.17,547246144.0,21918657,65536
20221206,24.9,27.33,24.9,26.22,757552512.0,28537135,65536
20221207,25.75,27.1,25.6,26.74,553676672.0,20886275,65536
20221208,26.4,26.9,26.0,26.52,360947232.0,13645205,65536
20221209,26.66,26.8,25.8,26.5,300926464.0,11449804,65536
20221212,26.06,26.75,25.87,26.13,254839776.0,9710632,65536
20221213,25.71,27.18,25.71,26.81,363147680.0,13611326,65536
20221214,26.44,27.88,26.08,27.5,540121728.0,19866653,65536
20221215,27.67,28.25,26.6,26.83,414753728.0,15277209,65536
20221216,26.01,27.25,26.01,26.78,248371072.0,9249414,65536
20221219,26.6,27.18,26.0,26.24,191224000.0,7239424,65536
20221220,26.24,26.24,25.56,25.9,164616480.0,6371936,65536
20221221,26.08,26.49,25.55,25.88,163692896.0,6291930,65536
20221222,26.07,27.72,25.98,26.96,419796096.0,15538406,65536
20221223,26.57,27.11,25.93,26.36,264917440.0,10020665,65536
20221226,26.36,26.75,26.0,26.21,249086448.0,9435505,65536
20221227,26.5,28.83,26.15,28.04,724477568.0,26063232,65536
20221228,28.19,29.38,27.66,28.0,867147136.0,30594274,65536
20221229,27.42,28.99,27.23,27.6,594524352.0,21188599,65536
20221230,27.62,27.95,26.25,27.76,577529152.0,21300651,65536
20230103,27.4,28.25,25.9,27.01,878031744.0,32392980,65536
20230104,26.28,26.72,26.01,26.34,351892960.0,13365190,65536
20230105,26.2,28.15,26.07,26.82,589181696.0,21690375,65536
20230106,26.9,26.95,25.88,26.12,407894560.0,15610284,65536
20230109,26.1,27.18,26.05,26.6,421791456.0,15808606,65536
20230110,26.79,28.15,26.41,27.84,529231904.0,19243282,65536
20230111,27.85,28.58,27.2,27.69,545731136.0,19615408,65536
20230112,27.69,27.85,26.08,26.6,502934272.0,18843237,65536
20230113,26.6,27.07,26.1,26.79,296689600.0,11169816,65536
20230116,26.55,28.38,26.51,28.12,612052352.0,22157413,65536
20230117,27.91,28.11,27.08,27.46,331697888.0,12093919,65536
20230118,27.17,27.77,26.8,27.06,265233568.0,9757729,65536
20230119,27.02,27.04,26.3,26.47,249806880.0,9418540,65536
20230120,26.47,26.9,26.41,26.59,170099712.0,6374407,65536
20230130,26.99,28.45,26.9,27.83,548468224.0,19778033,65536
20230131,28.18,30.32,27.97,28.39,740674688.0,25369601,65536
20230201,28.88,29.05,27.92,28.97,367806528.0,12882139,65536
20230202,28.97,29.27,28.44,28.75,262403968.0,9095189,65536
20230203,28.64,28.64,27.8,28.33,231243408.0,8210798,65536
20230206,28.0,28.0,26.5,26.88,440684576.0,16230166,65536
20230207,27.19,27.27,26.65,27.03,195748400.0,7281530,65536
20230208,26.9,27.02,26.41,26.74,197389584.0,7405392,65536
20230209,26.55,26.9,26.18,26.27,339431168.0,12841405,65536
20230210,26.15,26.49,26.06,26.42,169285520.0,6426809,65536
20230213,26.34,27.85,26.34,27.63,477396640.0,17511472,65536
20230214,27.63,28.21,27.2,27.8,381312288.0,13776071,65536
20230215,27.7,27.86,27.13,27.44,215274528.0,7843071,65536
20230216,27.21,27.77,26.06,26.33,348434464.0,12945016,65536
20230217,26.33,27.5,26.2,26.91,338123552.0,12501651,65536
20230220,26.91,28.18,26.42,27.98,465433120.0,16865695,65536
20230221,28.02,28.22,27.61,27.95,265908528.0,9536805,65536
20230222,27.7,28.55,27.62,28.24,294770016.0,10438348,65536
20230223,28.24,28.78,27.92,28.27,226537328.0,8011467,65536
20230224,28.02,28.28,27.37,27.73,175014832.0,6320846,65536
20230227,27.9,28.5,27.73,28.16,253214032.0,8985321,65536
20230228,28.0,29.85,27.99,29.08,560175808.0,19194980,65536
20230301,29.08,29.35,28.49,29.33,375438784.0,12976885,65536
20230302,29.1,29.35,28.67,28.68,238157312.0,8247779,65536
20230303,28.81,29.14,28.02,28.18,210781312.0,7422607,65536
20230306,28.32,28.58,27.91,28.51,221705616.0,7838217,65536
20230307,28.25,28.79,27.5,27.5,226353008.0,8069733,65536
20230308,27.5,27.94,27.28,27.56,126237832.0,4583302,65536
20230309,27.56,27.72,26.3,26.51,291003968.0,10877161,65536
20230310,26.41,26.48,25.7,25.88,171868768.0,6613932,65536
20230313,25.72,26.37,25.51,25.75,173726592.0,6726341,65536
20230314,25.82,26.13,25.63,26.06,135361120.0,5220127,65536
20230315,26.07,26.6,26.04,26.08,130579200.0,4974177,65536
20230316,26.0,26.97,25.92,26.64,219855872.0,8253150,65536
20230317,26.7,26.8,26.07,26.27,164662880.0,6270505,65536
20230320,26.1,26.18,24.0,24.11,330048256.0,13431905,65536
20230321,24.12,24.64,23.15,24.53,199422480.0,8297294,65536
20230322,24.5,24.66,23.77,24.03,174963280.0,7253213,65536
20230323,23.9,23.96,23.33,23.53,170114240.0,7222425,65536
20230324,23.5,23.9,23.41,23.64,90486016.0,3829200,65536
20230327,23.73,23.73,22.95,23.11,166130592.0,7154221,65536
20230328,23.09,23.69,22.95,23.2,160511376.0,6874621,65536
20230329,23.4,23.72,23.23,23.42,147134768.0,6260949,65536
20230330,23.53,24.51,23.25,24.44,264516752.0,10992333,65536
20230331,24.37,24.65,24.18,24.5,184675488.0,7564390,65536
20230403,24.5,25.35,24.36,24.88,215355344.0,8657722,65536
20230404,24.72,25.23,24.46,24.76,148564208.0,5993965,65536
20230406,27.24,27.24,26.52,27.24,492956320.0,18199196,65536
20230407,27.3,28.55,27.27,27.34,815199168.0,29172447,65536
20230410,27.07,28.65,27.06,28.04,629811328.0,22540087,65536
20230411,27.96,29.5,27.77,28.25,596595328.0,20912682,0
